# flags:
#    0 = wavelength has not been assigned to this detection
#    1 = user has assigned wavelength to this detection
#    2 = detection has been automatically assigned
#    3 = automatically assigned wavelength was rejected
|              pixel | wavelength | flag |
|  65.59196282164253 |   8670.325 |    3 |
|  130.8765774602799 |   8670.325 |    3 |
| 157.73994279533764 |   8670.325 |    3 |
| 191.40057406423082 |   8670.325 |    3 |
| 229.30527719048246 |   8670.325 |    3 |
|  339.0997065552824 |   8670.325 |    3 |
|  363.2876678852723 |   8670.325 |    3 |
|  509.4525886308489 |   9125.471 |    3 |
|  658.8177442792652 |   9125.471 |    3 |
|  682.6648503804556 |   9125.471 |    3 |
|  723.6490729234683 |   9125.471 |    3 |
|  744.2643123426494 |   9125.471 |    3 |
|  780.3207405964807 |   9125.471 |    3 |
|  804.2554450238256 |   9125.471 |    3 |
|  844.2653156227732 |   9125.471 |    3 |
|  909.2846604225864 |   9125.471 |    3 |
|  934.0170804210519 |   9125.471 |    3 |
|  955.1646017925826 |   9125.471 |    3 |
| 1008.6891002553338 |   9125.471 |    3 |
|  1039.646338967418 |   9125.471 |    3 |
| 1081.8263237346905 |   9125.471 |    1 |
| 1230.7776539780937 |   9197.161 |    3 |
|  1270.364159267185 |   9197.161 |    2 |
| 1280.6944999798634 |   9197.161 |    3 |
|  1348.891972737785 |    9227.03 |    1 |
|  1484.498448231957 |   9294.081 |    3 |
|  1525.416743787588 |   9294.081 |    2 |
| 1639.0385867694608 |   9356.787 |    3 |
|  1690.320162325864 |   9356.787 |    1 |
| 1711.8468740333021 |   9356.787 |    3 |
| 1752.0812864037587 |   9356.787 |    3 |
| 1818.0059858749573 |   9356.787 |    3 |
| 1833.7908115930716 |   9356.787 |    3 |
|  1905.748696031932 |   9356.787 |    3 |
| 1966.3568713570412 |   9356.787 |    3 |
| 2017.0746595413957 |   9356.787 |    3 |
