# flags:
#    0 = wavelength has not been assigned to this detection
#    1 = user has assigned wavelength to this detection
#    2 = detection has been automatically assigned
#    3 = automatically assigned wavelength was rejected
|              pixel | wavelength | flag |
|  20.06466519671605 |   6386.482 |    2 |
|  50.71269833275295 |   6418.081 |    1 |
|   99.5142320750969 | 6484.87395 |    3 |
| 115.11800877887158 | 6484.87395 |    2 |
| 168.94891691321266 | 6484.87395 |    3 |
|  233.5385034539369 |   6679.126 |    3 |
| 268.51439566609383 |   6679.126 |    3 |
|  290.8369893055734 |   6679.126 |    3 |
| 303.54760843737597 |   6679.126 |    1 |
|  310.3064160630878 |   6679.126 |    3 |
|  324.2510137950168 |   6679.126 |    3 |
|  349.7077628545108 |   6754.698 |    3 |
|  376.6783473320958 |   6754.698 |    1 |
|  389.8585693611357 |    6768.48 |    2 |
|  448.4330641003183 |   6873.185 |    3 |
|   481.683993375544 |   6873.185 |    3 |
|  490.9843349225288 |   6873.185 |    1 |
|  506.7706215039641 |   6890.074 |    3 |
|  520.1021529669018 |   6890.074 |    3 |
|   555.035748449405 |   6967.352 |    3 |
|  569.3040969228869 |   6967.352 |    3 |
|  581.7909206688419 |   6967.352 |    1 |
|  607.6276233706902 |   6967.352 |    3 |
|  618.4434056712323 |    7032.19 |    3 |
|  644.2482461291137 |    7032.19 |    2 |
|  679.9043808243046 |   7069.167 |    1 |
|  698.0860244441585 |   7069.167 |    3 |
|  718.5609980759504 |   7149.012 |    3 |
|  736.2757546994923 |   7149.012 |    3 |
|  756.6812922305704 |   7149.012 |    2 |
|  768.3388455453188 |   7149.012 |    3 |
|  814.3066428772922 |   7208.966 |    2 |
|  837.1925128655445 |   7208.966 |    3 |
|  877.6760184341698 |    7274.94 |    1 |
|   889.665730936479 |    7274.94 |    3 |
|  916.2441066800119 |    7274.94 |    3 |
|  954.7152769285595 |   7355.319 |    2 |
|  972.9365977478047 |   7386.014 |    3 |
|   984.289775070731 |   7386.014 |    1 |
| 1011.2387883741186 |   7437.416 |    3 |
