# flags:
#    0 = wavelength has not been assigned to this detection
#    1 = user has assigned wavelength to this detection
#    2 = detection has been automatically assigned
#    3 = automatically assigned wavelength was rejected
|              pixel | wavelength | flag |
|  41.39627555717882 |   7149.012 |    3 |
|  97.70291697873523 |   7149.012 |    3 |
|  129.1223560083382 |   7149.012 |    3 |
| 138.98122768469963 |   7149.012 |    3 |
|  256.8723530295149 |   7208.966 |    2 |
|  317.8234144942024 |   7208.966 |    3 |
| 411.46354837892994 |    7274.94 |    3 |
|   431.923907259108 |    7274.94 |    1 |
|  464.9379351215609 |    7274.94 |    3 |
|  534.7989289302088 |    7274.94 |    3 |
|  546.1188410606402 |   7355.319 |    3 |
|  644.7852593302888 |   7355.319 |    2 |
|  694.9195981472266 |   7386.014 |    3 |
|  726.3653613387204 |   7386.014 |    1 |
|  740.5088502334173 |   7386.014 |    3 |
|  750.4410797487326 |   7386.014 |    3 |
|  801.4806752403838 |   7437.416 |    3 |
|  835.6079333604805 |   7437.416 |    3 |
|  862.9618050002097 |   7437.416 |    3 |
|  957.3963654738842 |   7505.935 |    3 |
|  992.1110086005614 |   7505.935 |    3 |
| 1043.9071623114367 |   7505.935 |    2 |
| 1072.5944631675934 |   7516.721 |    2 |
|  1181.231550685035 |   7516.721 |    3 |
| 1270.4074999698037 |   7637.208 |    3 |
|  1349.358075169677 |   7637.208 |    3 |
| 1391.2807127145325 |   7637.208 |    1 |
| 1439.5396854181251 |   7637.208 |    3 |
| 1483.4759582372849 |   7637.208 |    3 |
|   1576.88912281529 |   7725.887 |    3 |
| 1626.3766418951936 |   7725.887 |    1 |
| 1823.2710257166439 |   7726.333 |    3 |
|  1864.930740605407 |   7893.246 |    3 |
|   1989.80394963413 |   7893.246 |    3 |
| 2007.4344557004754 |   7893.246 |    3 |
