       3995.2633     0.020963209
       3998.9939     0.022403488
       4002.7280     0.023819204
       4006.4655     0.025260949
       4010.2066     0.026761477
       4014.0849     0.028398639
       4017.8331     0.030067917
       4021.5847     0.031824656
       4025.3399     0.033662406
       4029.0986     0.035572010
       4032.8608     0.037541399
       4036.6265     0.039557187
       4040.3957     0.041605820
       4044.3032     0.043748851
       4048.0796     0.045826705
       4051.8595     0.047901478
       4055.6429     0.049965570
       4059.4299     0.052009934
       4063.2204     0.054029102
       4067.0145     0.056018490
       4070.8121     0.057973780
       4074.7490     0.059959665
       4078.5538     0.061838004
       4082.3622     0.063675485
       4086.1741     0.065470238
       4089.9896     0.067222145
       4093.8086     0.068929372
       4097.6312     0.070588686
       4101.4574     0.072199336
       4105.2872     0.073756878
       4109.2575     0.075311627
       4113.0945     0.076750863
       4116.9351     0.078126544
       4120.7793     0.079430803
       4124.6271     0.080660335
       4128.4785     0.081806714
       4132.3335     0.082864417
       4136.1920     0.083827032
       4140.1922     0.084717040
       4144.0581     0.085465315
       4147.9277     0.086100538
       4151.8008     0.086615137
       4155.6776     0.087005386
       4159.5579     0.087266890
       4163.4419     0.087397333
       4167.3296     0.087393433
       4171.3599     0.087249120
       4175.2549     0.086973410
       4179.1536     0.086565693
       4183.0559     0.086029718
       4186.9618     0.085368279
       4190.8714     0.084588400
       4194.7846     0.083695273
       4198.7015     0.082697727
       4202.6221     0.092177979
       4206.6865     0.092138457
       4210.6145     0.092151443
       4214.5462     0.092212911
       4218.4815     0.092320940
       4222.4206     0.092475680
       4226.3633     0.092678192
       4230.3096     0.092930413
       4234.2597     0.093233976
       4238.3547     0.093602515
       4242.3123     0.094012468
       4246.2736     0.094475549
       4250.2386     0.094990016
       4254.2072     0.095553750
       4258.1796     0.096163369
       4262.1557     0.096814605
       4266.1355     0.097501830
       4270.2614     0.098245526
       4274.2487     0.098989620
       4278.2398     0.099752381
       4282.2346      0.10053194
       4286.2332      0.10132772
       4290.2355      0.10214358
       4294.2415      0.10298625
       4298.2513      0.10387407
       4302.2648      0.10482927
       4306.4256      0.10592972
       4310.4467      0.10714751
       4314.4716      0.10858596
       4318.5002      0.11032862
       4322.5327      0.11248183
       4326.5688      0.11517560
       4330.6088      0.11856942
       4334.6525     0.087383504
       4338.8446     0.090353627
       4342.8960     0.093191537
       4346.9512     0.095992755
       4351.0102     0.098749610
       4355.0730      0.10145356
       4359.1395      0.10409875
       4363.2099      0.10667730
       4367.2841      0.10918190
       4371.5078      0.11169102
       4375.5897      0.11402424
       4379.6754      0.11626506
       4383.7649      0.11840567
       4387.8583      0.12044051
       4391.9555      0.12236554
       4396.0565      0.12417548
       4400.1613      0.12586660
       4404.2700      0.12743500
       4408.5294      0.12892625
       4412.6459      0.13023470
       4416.7662      0.13141077
       4420.8904      0.13245470
       4425.0184      0.13336379
       4429.1503      0.13413691
       4433.2860      0.13477459
       4437.4256      0.13527545
       4441.7171      0.13565194
       4445.8646      0.13587560
       4450.0159      0.13596623
       4454.1711      0.13824866
       4458.3302      0.13851991
       4462.4932      0.13881712
       4466.6601      0.13910259
       4470.8308      0.13934687
       4475.1547      0.13953463
       4479.3334      0.13964312
       4483.5159      0.13967360
       4487.7024      0.13962233
       4491.8929      0.13949494
       4496.0872      0.13929285
       4500.2854      0.13902628
       4504.4876      0.13871054
       4508.6936      0.13834554
       4513.0541      0.13792617
       4517.2682      0.13748803
       4521.4862      0.13702704
       4525.7081      0.13655126
       4529.9340      0.13606503
       4534.1639      0.13557800
       4538.3977      0.13509196
       4542.6354      0.13461344
       4547.0287      0.13412873
       4551.2745      0.13367327
       4555.5242      0.13323441
       4559.7780      0.13281203
       4564.0357      0.13240827
       4568.2974      0.13202357
       4572.5630      0.13166123
       4576.8327      0.13132107
       4581.2590      0.13099592
       4585.5368      0.13071171
       4589.8185      0.13045890
       4594.1043      0.13024190
       4598.3941      0.13006624
       4602.6878      0.12993802
       4606.9856      0.12986566
       4611.2874      0.12985477
       4615.5932      0.12991505
       4620.0570      0.13006127
       4624.3710      0.13029289
       4628.6890      0.13062054
       4633.0111      0.13105242
       4637.3372      0.13159478
       4641.6673      0.13225186
       4646.0015      0.13301892
       4650.3397      0.13389493
       4654.8371      0.13490307
       4659.1836      0.13595467
       4663.5341      0.13705523
       4667.8887      0.13816455
       4672.2474      0.13922825
       4676.6101      0.14017680
       4680.9769      0.14092045
       4685.3478      0.14134658
       4689.8791      0.14130487
       4694.2582      0.14062631
       4698.6415      0.13910766
       4703.0289      0.12960804
       4707.4204      0.13164691
       4711.8159      0.13360744
       4716.2156      0.13548523
       4720.6194      0.13727600
       4725.0273      0.13897864
       4729.5969      0.14064760
       4734.0132      0.14216891
       4738.4336      0.14360318
       4742.8581      0.14494998
       4747.2868      0.14621238
       4751.7196      0.14739314
       4756.1565      0.14849337
       4760.5976      0.14951639
       4765.2017      0.15049771
       4769.6512      0.15137149
       4774.1049      0.15217477
       4778.5627      0.15291174
       4783.0247      0.15358342
       4787.4909      0.15419367
       4791.9612      0.15474308
       4796.4357      0.15523372
       4801.0744      0.15568574
       4805.5575      0.15606753
       4810.0447      0.15640006
       4814.5361      0.15668714
       4819.0316      0.15693059
       4823.5314      0.15713229
       4828.0354      0.15729896
       4832.5436      0.15743119
       4837.0560      0.15753720
       4841.7340      0.15761851
       4846.2550      0.15768024
       4850.7802      0.15772878
       4855.3097      0.15776552
       4859.8433      0.15780152
       4864.3812      0.15784098
       4868.9233      0.15788732
       4873.4697      0.15794820
       4878.1829      0.15803216
       4882.7380      0.15813815
       4887.2972      0.15827337
       4891.8608      0.15844274
       4896.4285      0.15864848
       4901.0006      0.15889562
       4905.5769      0.15918155
       4910.1575      0.15950998
       4914.9062      0.15989187
       4919.4955      0.16029910
       4924.0891      0.16073766
       4928.6870      0.16120217
       4933.2892      0.16168573
       4937.8957      0.16217710
       4942.5064      0.16266278
       4947.1215      0.16312980
       4951.7409      0.16356292
       4956.5298      0.16395700
       4961.1580      0.16426520
       4965.7905      0.16448435
       4970.4273      0.16459455
       4975.0685      0.16457679
       4979.7140      0.16441668
       4984.3638      0.16409877
       4989.0180      0.16361320
       4993.8429      0.16293228
       4998.5060      0.16210513
       5003.1733      0.16112140
       5007.8451      0.16001054
       5012.5211      0.15882356
       5017.2016      0.15761902
       5021.8864      0.15648678
       5026.5756      0.15554219
       5031.4369      0.15492047
       5036.1351      0.15485669
       5040.8376      0.15555890
       5045.5445      0.15731504
       5050.2558      0.16047265
       5054.9714      0.16545282
       5059.6915      0.14185550
       5064.4160      0.14500612
       5069.1450      0.14809263
       5074.0474      0.15121603
       5078.7853      0.15415408
       5083.5277      0.15700773
       5088.2744      0.15977306
       5093.0256      0.16244428
       5097.7812      0.16501221
       5102.5413      0.16788000
       5107.3058      0.17004165
       5112.2452      0.17224217
       5117.0188      0.17430362
       5121.7968      0.17627740
       5126.5793      0.17814902
       5131.3663      0.17990371
       5136.1577      0.18152728
       5140.9536      0.18301346
       5145.7540      0.18435786
       5150.7305      0.18559355
       5155.5400      0.18663600
       5160.3540      0.18753098
       5165.1725      0.18827963
       5169.9955      0.18888433
       5174.8230      0.18935447
       5179.6551      0.18968904
       5184.4916      0.18989984
       5189.3326      0.18999311
       5194.3513      0.18997421
       5199.2015      0.18985299
       5204.0563      0.18964262
       5208.9156      0.18934925
       5213.7795      0.18898655
       5218.6479      0.18856069
       5223.5208      0.18808533
       5228.3983      0.18756828
       5233.4547      0.18700050
       5238.3415      0.18643469
       5243.2328      0.18585912
       5248.1287      0.18528199
       5253.0292      0.18475751
       5257.9342      0.18427738
       5262.8438      0.18382593
       5267.7580      0.18341185
       5272.8525      0.18302731
       5277.7761      0.18270887
       5282.7042      0.18244947
       5287.6370      0.18225127
       5292.5743      0.18212367
       5297.5163      0.18206969
       5302.4629      0.18208929
       5307.4140      0.18219050
       5312.3699      0.18237103
       5317.5076      0.18264122
       5322.4728      0.18298206
       5327.4427      0.18340165
       5332.4172      0.18389486
       5337.3963      0.18445744
       5342.3802      0.18508432
       5347.3686      0.18576634
       5352.3617      0.18650168
       5357.5381      0.18730372
       5362.5407      0.18811204
       5367.5480      0.18893794
       5372.5600      0.18977581
       5377.5766      0.19061238
       5382.5980      0.19143496
       5387.6240      0.19223410
       5392.6547      0.19299842
       5397.8700      0.19374413
       5402.9103      0.19441112
       5407.9553      0.19501785
       5413.0050      0.19556378
       5418.0594      0.19604838
       5423.1185      0.19647634
       5428.1824      0.19685941
       5433.2510      0.19721033
       5438.3243      0.19755752
       5443.5838      0.19794583
       5448.6668      0.19839537
       5453.7545      0.19897608
       5458.8469      0.19975404
       5463.9441      0.20082060
       5469.0461      0.20228249
       5474.1529      0.20426033
       5479.2644      0.15177844
       5484.5635      0.15532692
       5489.6847      0.15869709
       5494.8107      0.16200512
       5499.9415      0.16524779
       5505.0771      0.16842366
       5510.2175      0.17152491
       5515.3627      0.17455137
       5520.5126      0.17749708
       5525.8516      0.18045889
       5531.0114      0.18322729
       5536.1760      0.18590419
       5541.3454      0.18848441
       5546.5197      0.19096368
       5551.6988      0.19334135
       5556.8827      0.19561112
       5562.0714      0.19776852
       5567.2650      0.19981189
       5572.6492      0.20180333
       5577.8527      0.20360384
       5583.0611      0.20527522
       5588.2743      0.20682310
       5593.4923      0.20823539
       5598.7153      0.20951646
       5603.9431      0.21065921
       5609.1758      0.21166218
       5614.6005      0.21255002
       5619.8432      0.21363235
       5625.0907      0.21441205
       5630.3432      0.21501226
       5635.6005      0.21544757
       5640.8628      0.21574158
       5646.1300      0.21590510
       5651.4021      0.21595205
       5656.8676      0.21589051
       5662.1498      0.21572892
       5667.4368      0.21548037
       5672.7288      0.21515084
       5678.0257      0.21474255
       5683.3276      0.21426259
       5688.6344      0.21371517
       5693.9462      0.21310642
       5699.2629      0.21243597
       5704.7748      0.21168541
       5710.1017      0.21091008
       5715.4335      0.21008962
       5720.7703      0.20922732
       5726.1121      0.20832921
       5731.4589      0.20740125
       5736.8106      0.20645023
       5742.1674      0.20548190
       5747.7207      0.20446655
       5753.0877      0.20343626
       5758.4597      0.20237647
       5763.8366      0.20133008
       5769.2186      0.20030488
       5774.6057      0.19930844
       5779.9977      0.19835172
       5785.3948      0.19744114
       5790.9900      0.19655564
       5796.3973      0.19576747
       5801.8097      0.19505263
       5807.2272      0.19441885
       5812.6497      0.19387134
       5818.0773      0.19342127
       5823.5099      0.19307134
       5828.9477      0.19282865
       5834.3905      0.19269704
       5840.0330      0.19268240
       5845.4862      0.19278766
       5850.9444      0.19301068
       5856.4077      0.19335021
       5861.8762      0.19380427
       5867.3497      0.19436940
       5872.8284      0.19503630
       5878.3122      0.19579742
       5883.9972      0.19667214
       5889.4914      0.19758956
       5894.9907      0.19855825
       5900.4952      0.19956053
       5906.0048      0.20057397
       5911.5195      0.20157299
       5917.0394      0.20252799
       5922.5645      0.20340791
       5928.2923      0.20420206
       5933.8279      0.20481366
       5939.3686      0.20523041
       5944.9145      0.20540514
       5950.4656      0.20528580
       5956.0219      0.20481984
       5961.5833      0.20394691
       5967.1500      0.20260459
       5972.7218      0.20072811
       5978.4981      0.14131460
       5984.0806      0.14471124
       5989.6682      0.14806910
       5995.2611      0.15137978
       6000.8592      0.15465210
       6006.4625      0.15792782
       6012.0711      0.16114692
       6017.6849      0.16430745
       6023.5047      0.16751423
       6029.1292      0.17054030
       6034.7589      0.17349527
       6040.3939      0.17637592
       6046.0341      0.17917764
       6051.6796      0.18190161
       6057.3304      0.18453888
       6062.9864      0.18709193
       6068.8500      0.18963997
       6074.5169      0.19200959
       6080.1890      0.19428507
       6085.8664      0.19646667
       6091.5491      0.19855065
       6097.2371      0.20053780
       6102.9304      0.20242567
       6108.6290      0.20421290
       6114.3330      0.20590012
       6120.2462      0.20753802
       6125.9610      0.20901575
       6131.6812      0.21038847
       6137.4067      0.21165956
       6143.1375      0.21282427
       6148.8737      0.21388169
       6154.6152      0.21483489
       6160.3621      0.21568244
       6166.3199      0.21644546
       6172.0777      0.21707044
       6177.8409      0.21759017
       6183.6095      0.21800004
       6189.3834      0.21829658
       6195.1628      0.21848507
       6200.9475      0.21856041
       6206.7377      0.21852347
       6212.7404      0.21836240
       6218.5415      0.21809070
       6224.3481      0.21770170
       6230.1601      0.21719604
       6235.9775      0.21876848
       6241.8004      0.21890544
       6247.6287      0.21880310
       6253.4625      0.21850398
       6259.3016      0.21803667
       6265.3551      0.21740949
       6271.2054      0.21668552
       6277.0612      0.21586914
       6282.9224      0.21497272
       6288.7891      0.21400953
       6294.6613      0.21299265
       6300.5389      0.21192476
       6306.4221      0.21081776
       6312.5212      0.20963237
       6318.4155      0.20845678
       6324.3153      0.20725500
       6330.2207      0.20603209
       6336.1315      0.20478853
       6342.0479      0.20353280
       6347.9698      0.20226967
       6353.8973      0.20100290
       6360.0422      0.19969722
       6365.9810      0.19844656
       6371.9252      0.19721846
       6377.8750      0.19602035
       6383.8304      0.19486545
       6389.7913      0.19376329
       6395.7578      0.19272832
       6401.7299      0.19177550
       6407.7075      0.19091875
       6413.9045      0.19014648
       6419.8935      0.18953327
       6425.8881      0.18906065
       6431.8883      0.18874665
       6437.8941      0.18860621
       6443.9055      0.18865137
       6449.9225      0.18889056
       6455.9452      0.18933699
       6462.1888      0.19001933
       6468.2229      0.19089301
       6474.2626      0.19196874
       6480.3080      0.19323798
       6486.3590      0.19467973
       6492.4157      0.19626577
       6498.4780      0.19795514
       6504.5460      0.19966008
       6510.8366      0.20139798
       6516.9161      0.20296661
       6523.0013      0.20432923
       6529.0922      0.20535616
       6535.1888      0.20589839
       6541.2910      0.20577851
       6547.3990      0.20478529
       6553.5126      0.20267663
       6559.6320      0.19916844
       6565.9759      0.19371364
       6572.1069      0.12368504
       6578.2437      0.12709811
       6584.3861      0.13051245
       6590.5343      0.13392375
       6596.6882      0.13732644
       6602.8479      0.14071850
       6609.0133      0.14409555
       6615.4050      0.14756963
       6621.5822      0.15089882
       6627.7651      0.15419876
       6633.9538      0.15746359
       6640.1483      0.16069163
       6646.3486      0.16387493
       6652.5546      0.16701266
       6658.7665      0.17009834
       6665.2063      0.17323545
       6671.4299      0.17620448
       6677.6594      0.17911106
       6683.8947      0.18195122
       6690.1358      0.18472035
       6696.3827      0.18741713
       6702.6355      0.19003886
       6708.8941      0.19258216
       6715.1586      0.19504635
       6721.6529      0.19750878
       6727.9293      0.19980324
       6734.2115      0.20201162
       6740.4996      0.20413405
       6746.7936      0.20616643
       6753.0934      0.20811112
       6759.3991      0.20996803
       6765.7107      0.21173636
       6772.2540      0.21347422
       6778.5776      0.21506125
       6784.9071      0.21656014
       6791.2425      0.21797082
       6797.5839      0.21929524
       6803.9311      0.22053372
       6810.2843      0.22168662
       6816.6435      0.22275451
       6823.2360      0.22377503
       6829.6072      0.22467421
       6835.9844      0.22549473
       6842.3675      0.22623373
       6848.7566      0.22689236
       6855.1516      0.22747294
       6861.5526      0.22797483
       6867.9596      0.22839752
       6874.3726      0.22874460
       6881.0209      0.22902133
       6887.4461      0.22920711
       6893.8773      0.22931443
       6900.3145      0.22934013
       6906.7577      0.22928623
       6913.2069      0.22914673
       6919.6621      0.22892579
       6926.1234      0.22861567
       6932.8217      0.22819925
       6939.2953      0.22770490
       6945.7749      0.22711381
       6952.2605      0.22642573
       6958.7522      0.22563362
       6965.2500      0.22473862
       6971.7538      0.22373309
       6978.2637      0.22261563
       6985.0125      0.22133411
       6991.5348      0.21997527
       6998.0631      0.21849322
       7004.5976      0.21686519
       7011.1382      0.21510155
       7017.6848      0.22606238
       7024.2376      0.22505646
       7030.7965      0.22400770
       7037.3616      0.22290795
       7044.1675      0.22170209
       7050.7450      0.22046823
       7057.3287      0.21916316
       7063.9185      0.21778539
       7070.5145      0.21633259
       7077.1166      0.21481392
       7083.7249      0.21322808
       7090.3393      0.21158790
       7097.1965      0.20983725
       7103.8235      0.20810963
       7110.4568      0.20636083
       7117.0962      0.20460237
       7123.7418      0.20285171
       7130.3936      0.20112656
       7137.0516      0.19944403
       7143.7159      0.19782416
       7150.6247      0.19623163
       7157.3016      0.19480190
       7163.9848      0.19349550
       7170.6742      0.19233039
       7177.3698      0.19132509
       7184.0717      0.19049640
       7190.7798      0.18985374
       7197.4943      0.18940859
       7204.2149      0.18916534
       7211.1823      0.18912199
       7217.9157      0.18927342
       7224.6555      0.18959552
       7231.4015      0.19006245
       7238.1539      0.19062923
       7244.9125      0.19124299
       7251.6775      0.19183169
       7258.4488      0.19230553
       7265.4685      0.19255329
       7272.2527      0.19241430
       7279.0432      0.19173904
       7285.8400      0.19032152
       7292.6432      0.18793381
       7299.4527      0.10190409
       7306.2686      0.10492377
       7313.0909      0.10796081
       7320.1635      0.11112449
       7326.9987      0.11419088
       7333.8403      0.11726713
       7340.6883      0.12034849
       7347.5427      0.12343377
       7354.4035      0.12651862
       7361.2707      0.12959854
       7368.1443      0.13267003
       7375.0243      0.13573257
       7382.1569      0.13888921
       7389.0500      0.14192058
       7395.9495      0.14492957
       7402.8555      0.14791651
       7409.7680      0.15087615
       7416.6869      0.15380779
       7423.6122      0.15670546
       7430.5440      0.15956934
       7437.7302      0.16249580
       7444.6753      0.16528089
       7451.6267      0.16802066
       7458.5847      0.17071655
       7465.5492      0.17336575
       7472.5202      0.17596480
       7479.4977      0.17851176
       7486.4817      0.18100488
       7493.7220      0.18352742
       7500.7193      0.18590665
       7507.7231      0.18822489
       7514.7335      0.19048243
       7521.7504      0.19267894
       7528.7738      0.19480999
       7535.8039      0.19687805
       7542.8404      0.19887978
       7549.8836      0.20081267
       7557.1852      0.20274411
       7564.2418      0.20453737
       7571.3049      0.20625944
       7578.3746      0.20791098
       7585.4510      0.20949101
       7592.5339      0.21099770
       7599.6235      0.21243117
       7606.7196      0.21378789
       7614.0762      0.21511573
       7621.1859      0.21631930
       7628.3022      0.21744740
       7635.4252      0.21849778
       7642.5548      0.21947122
       7649.6910      0.22036567
       7656.8339      0.22117914
       7663.9835      0.22191463
       7671.3955      0.22259120
       7678.5587      0.22316356
       7685.7286      0.22365379
       7692.9052      0.22406037
       7700.0884      0.22438679
       7707.2784      0.22462875
       7714.4751      0.22478694
       7721.6785      0.22486120
       7728.8887      0.22485047
       7736.3634      0.22474910
       7743.5873      0.22456258
       7750.8179      0.22429139
       7758.0552      0.22393191
       7765.2993      0.22348557
       7772.5502      0.22294991
       7779.8079      0.22232660
       7787.0723      0.22161536
       7794.6033      0.22078438
       7801.8815      0.21988952
       7809.1666      0.21890877
       7816.4584      0.21783471
       7823.7570      0.21667256
       7831.0625      0.21542001
       7838.3748      0.21408057
       7845.6939      0.21265036
       7853.2816      0.21107498
       7860.6146      0.20946681
       7867.9545      0.20776767
       7875.3012      0.20598360
       7882.6548      0.20411526
       7890.0153      0.20215897
       7897.3826      0.20012203
       7904.7568      0.19800290
       7912.1379      0.19580203
       7919.7899      0.19344130
       7927.1850      0.19108194
       7934.5870      0.18864849
       7941.9960      0.18614458
       7949.4119      0.18357060
       7956.8346      0.18092961
       7964.2644      0.17822475
       7971.7010      0.17545854
       7979.4106      0.17253363
       7986.8614      0.16965506
       7994.3192      0.16672482
       8001.7839      0.16375494
       8009.2556      0.16075971
       8016.7342      0.18396288
       8024.2199      0.18222485
       8031.7125      0.18051192
       8039.4802      0.17875245
       8046.9870      0.17705885
       8054.5009      0.17536891
       8062.0219      0.17367980
       8069.5498      0.17198954
       8077.0848      0.17030671
       8084.6268      0.16863216
       8092.1758      0.16697329
       8099.7319      0.16533724
       8107.5653      0.16367423
       8115.1358      0.16211028
       8122.7133      0.16059508
       8130.2979      0.15913942
       8137.8896      0.15775233
       8145.4884      0.15644461
       8153.0943      0.15522675
       8160.7073      0.15410899
       8168.5996      0.15306596
       8176.2271      0.15218208
       8183.8617      0.15142889
       8191.5034      0.15081712
       8199.1522      0.15035627
       8206.8082     0.065489440
       8214.4713     0.067391839
       8222.1416     0.069335772
       8230.0934     0.071391314
       8237.7783     0.073416715
       8245.4703     0.075480324
       8253.1696     0.077579767
       8260.8760     0.079715526
       8268.5896     0.081883444
       8276.3104     0.084082223
       8284.0385     0.086308183
       8291.7737     0.088559586
       8299.7928     0.090914501
       8307.5428     0.093207386
       8315.3000     0.095515694
       8323.0644     0.097835584
       8330.8361      0.10016471
       8338.6151      0.10249883
       8346.4013      0.10483620
       8354.1948      0.10717221
       8362.2743      0.10958730
       8370.0826      0.11191111
       8377.8982      0.11422444
       8385.7210      0.11652568
       8393.5512      0.11880905
       8401.3887      0.12107436
       8409.2336      0.12331891
       8417.0857      0.12553995
       8425.2260      0.12781230
       8433.0931      0.12997885
       8440.9675      0.13211592
       8448.8493      0.13422204
       8456.7385      0.13629465
       8464.6350      0.13833359
       8472.5389      0.14033642
       8480.4501      0.14230446
       8488.3688      0.14423414
       8496.5780      0.14619264
       8504.5117      0.14804358
       8512.4528      0.14985406
       8520.4014      0.15162402
       8528.3573      0.15335288
       8536.3207      0.15503942
       8544.2915      0.15668322
       8552.2698      0.15828392
       8560.5408      0.15989542
       8568.5343      0.16140544
       8576.5352      0.16286959
       8584.5435      0.16428852
       8592.5594      0.16566009
       8600.5827      0.16698146
       8608.6135      0.16825567
       8616.6519      0.16947777
       8624.9852      0.17069154
       8633.0388      0.17180518
       8641.0999      0.17286681
       8649.1686      0.17387155
       8657.2448      0.17481834
       8665.3285      0.17570463
       8673.4198      0.17652948
       8681.5186      0.17729037
       8689.6250      0.17798492
       8698.0289      0.17863358
       8706.1507      0.17918605
       8714.2801      0.17966680
       8722.4171      0.18007283
       8730.5617      0.18040128
       8738.7139      0.18065174
       8746.8737      0.18081986
       8755.0411      0.18090544
       8763.5083      0.18090209
       8771.6912      0.18081043
       8779.8818      0.18062990
       8788.0801      0.18035919
       8796.2860      0.17999552
       8804.4995      0.17953945
       8812.7207      0.17898858
       8820.9497      0.17834375
       8829.4806      0.17757721
       8837.7251      0.17673853
       8845.9774      0.17580723
       8854.2373      0.17478097
       8862.5050      0.17366224
       8870.7804      0.17245364
       8879.0635      0.17115492
       8887.3544      0.16976896
       8895.6530      0.16830028
       8904.2561      0.16669195
       8912.5705      0.16505903
       8920.8926      0.16335307
       8929.2225      0.16157810
       8937.5602      0.15973606
       8945.9057      0.15783454
       8954.2590      0.15587619
       8962.6201      0.15386705
       8971.2880      0.15173711
       8979.6649      0.14964185
       8988.0497      0.14751133
       8996.4423      0.14535107
       9004.8428      0.14318070
       9013.2511      0.14100074
       9021.6673      0.13880698
       9030.0913      0.13660294
       9038.8244      0.13431602
       9047.2645      0.13210606
       9055.7124      0.12989878
       9064.1682      0.12769695
       9072.6319      0.12550210
       9081.1035      0.12331680
       9089.5830      0.12113973
       9098.0704      0.11897076
       9106.5658      0.11680983
       9115.3729      0.11457753
       9123.8844      0.11242327
       9132.4039      0.11026687
       9140.9313      0.10810195
       9149.4667      0.10592368
       9158.0100      0.10372367
       9166.5613      0.10149443
       9175.1206     0.099227200
       9183.9941     0.096829385
       9192.5696     0.094455363
       9201.1532     0.092016999
       9209.7448     0.089502319
       9218.3445     0.086905064
       9226.9521     0.084217672
       9235.5678     0.081433281
       9244.1916     0.078549933
       9253.1318     0.075460576
       9261.7719     0.072381282
       9270.4201     0.069216039
       9279.0764     0.065980235
       9287.7408     0.062696300
       9296.4133     0.059394490
       9305.0938     0.056115531
       9313.7825     0.052911974
       9322.4793     0.049848811
       9331.4952     0.046912723
       9340.2085     0.044406981
       9348.9300     0.057790498
       9357.6596     0.057624047
       9366.3973     0.058318126
       9375.1432     0.059950850
       9383.8973     0.020826335
       9392.6595     0.021966873
       9401.7433     0.022968376
       9410.5222     0.023756715
       9419.3093     0.024379052
       9428.1047     0.024853966
       9436.9082     0.025205717
       9445.7199     0.025462386
       9454.5399     0.025651718
       9463.3681     0.025801405
       9472.5203     0.025941616
       9481.3653     0.026085079
       9490.2186     0.026255839
       9499.0801     0.026467555
       9507.9499     0.026730820
       9516.8280     0.027051649
       9525.7143     0.027432653
       9534.6090     0.027873075
       9543.5120     0.028368859
       9552.7417     0.028934169
       9561.6616     0.029521206
       9570.5898     0.030138940
       9579.5264     0.030776217
       9588.4713     0.031422134
       9597.4246     0.032065262
       9606.3862     0.032694686
       9615.3562     0.033300608
       9624.6554     0.033892772
       9633.6424     0.034422936
       9642.6379     0.034905696
       9651.6417     0.035335887
       9660.6540     0.035710001
       9669.6746     0.036026468
       9678.7037     0.036285286
       9687.7412     0.036487423
       9697.1104     0.036639666
       9706.1651     0.036735189
       9715.2283     0.036784719
       9724.2999     0.036793406
       9733.3800     0.036766709
       9742.4686     0.036710510
       9751.5657     0.036630576
       9760.6712     0.036532032
       9769.7853     0.036420307
       9779.2338     0.036294760
       9788.3652     0.036167864
       9797.5051     0.036037289
       9806.6536     0.035904971
       9815.8106     0.035770464
       9824.9761     0.035633168
       9834.1502     0.035490468
       9843.3329     0.035339332
       9852.8526     0.035169088
       9862.0527     0.034986260
       9871.2614     0.034779467
       9880.4787     0.034542323
       9889.7047     0.034268242
       9898.9392     0.033950972
       9908.1824     0.033583936
       9917.4342     0.033161533
       9927.0255     0.032661304
       9936.2949     0.032113540
       9945.5730     0.031500299
       9954.8597     0.030820837
       9964.1550     0.030076532
       9973.4591     0.029270644
       9982.7719     0.028408012
       9992.0933     0.027496187
       10001.423     0.026543826
       10011.096     0.025528495
       10020.444     0.024530024
       10029.801     0.023527686
       10039.166     0.022535003
       10048.540     0.021565823
       10057.923     0.020633608
       10067.314     0.019750187
       10076.715     0.018925523
       10086.460     0.018140618
       10095.879     0.017451927
       10105.306     0.016829096
       10114.741     0.016263739
       10124.186     0.015740584
       10133.640     0.015237267
       10143.102     0.014722731
       10152.573     0.014157197
       10162.392     0.013466382
       10171.881     0.012639177
       10181.379     0.011588881
