       3995.3965     0.018849605
       3999.1272     0.020144877
       4002.8614     0.021386946
       4006.5991     0.022636181
       4010.3402     0.023932082
       4014.2187     0.025349285
       4017.9670     0.026801419
       4021.7188     0.028337721
       4025.4741     0.029953646
       4029.2329     0.031638763
       4032.9952     0.033380820
       4036.7610     0.035165762
       4040.5304     0.036978991
       4044.4380     0.038871809
       4048.2145     0.040700353
       4051.9946     0.042518424
       4055.7781     0.044315583
       4059.5652     0.046084932
       4063.3559     0.047819147
       4067.1500     0.049514536
       4070.9477     0.051168551
       4074.7490     0.052779183
       4078.6898     0.054400720
       4082.4983     0.055923103
       4086.3103     0.057403028
       4090.1259     0.058841663
       4093.9451     0.060241395
       4097.7678     0.061603464
       4101.5941     0.062927445
       4105.4240     0.064215222
       4109.3944     0.065509345
       4113.2316     0.066720829
       4117.0723     0.067891738
       4120.9167     0.069020678
       4124.7646     0.070103976
       4128.6161     0.071137031
       4132.4712     0.072115555
       4136.3299     0.073034331
       4140.3302     0.073916235
       4144.1963     0.074694649
       4148.0659     0.075394410
       4151.9392     0.076009830
       4155.8161     0.076535043
       4159.6966     0.076964402
       4163.5807     0.077293199
       4167.4685     0.077517062
       4171.3599     0.077632355
       4175.3941     0.077634661
       4179.2929     0.077522949
       4183.1953     0.077298561
       4187.1014     0.076962480
       4191.0111     0.076517177
       4194.9245     0.075965228
       4198.8415     0.075310970
       4202.7622     0.083639989
       4206.8267     0.083831094
       4210.7549     0.083985150
       4214.6867     0.084139067
       4218.6221     0.084316181
       4222.5613     0.084529614
       4226.5041     0.084789697
       4230.4506     0.085100979
       4234.4008     0.085464382
       4238.3547     0.085879056
       4242.4537     0.086357649
       4246.4151     0.086862346
       4250.3802     0.087400258
       4254.3490     0.087963466
       4258.3215     0.088542696
       4262.2978     0.089127643
       4266.2777     0.089708915
       4270.2614     0.090276080
       4274.3912     0.090839351
       4278.3824     0.091352150
       4282.3774     0.091828659
       4286.3761     0.092267474
       4290.3785     0.092671280
       4294.3846     0.093050642
       4298.3945     0.093421657
       4302.4082     0.093813458
       4306.5691     0.094284383
       4310.5904     0.094861990
       4314.6154     0.095636930
       4318.6442     0.096712035
       4322.6767     0.098214975
       4326.7131      0.10030876
       4330.7531      0.10319176
       4334.7970     0.076737115
       4338.8446     0.079337376
       4343.0408     0.082031935
       4347.0961     0.084626959
       4351.1552     0.087208598
       4355.2182     0.089768357
       4359.2849     0.092297332
       4363.3554     0.094786694
       4367.4296     0.097225651
       4371.5078     0.099605611
       4375.7355      0.10199639
       4379.8214      0.10422077
       4383.9110      0.10635430
       4388.0045      0.10838569
       4392.1019      0.11030409
       4396.2030      0.11210166
       4400.3080      0.11376745
       4404.4168      0.11529325
       4408.5294      0.11667330
       4412.7930      0.11793931
       4416.9134      0.11899916
       4421.0377      0.11989353
       4425.1659      0.12062065
       4429.2979      0.12117689
       4433.4338      0.12156092
       4437.5735      0.12177376
       4441.7171      0.12181505
       4446.0128      0.12168203
       4450.1643      0.13778148
       4454.3196      0.12143733
       4458.4788      0.11506533
       4462.6420      0.11581033
       4466.8090      0.12133358
       4470.9799      0.12974407
       4475.1547      0.13954471
       4479.4827      0.14993018
       4483.6654      0.15929508
       4487.8520      0.16739087
       4492.0426      0.17380927
       4496.2370      0.17832117
       4500.4354      0.18083478
       4504.6377      0.18137297
       4508.8439      0.18003690
       4513.0541      0.17700228
       4517.4187      0.17230187
       4521.6369      0.16652213
       4525.8590      0.15979592
       4530.0850      0.15239869
       4534.3150      0.14460268
       4538.5489      0.13666536
       4542.7868      0.12883051
       4547.0287      0.12131576
       4551.4262      0.11407402
       4555.6761      0.10777335
       4559.9300      0.10228315
       4564.1878     0.097706892
       4568.4496     0.094114116
       4572.7154     0.091547601
       4576.9852     0.090021497
       4581.2590     0.089524793
       4585.5368     0.090023963
       4589.9715     0.091532648
       4594.2574     0.093872641
       4598.5473     0.096993435
       4602.8412      0.10079706
       4607.1392      0.10517895
       4611.4411      0.11002733
       4615.7470      0.11523012
       4620.0570      0.12067409
       4624.5252      0.12644976
       4628.8433      0.13205137
       4633.1655      0.13757619
       4637.4918      0.14293542
       4641.8220      0.14804813
       4646.1563      0.15284071
       4650.4947      0.15724943
       4654.8371      0.16122134
       4659.3389      0.16482247
       4663.6896      0.16775794
       4668.0443      0.17012283
       4672.4031      0.17187057
       4676.7660      0.17295119
       4681.1329      0.17330627
       4685.5039      0.17285540
       4689.8791      0.17149033
       4694.2582      0.16907598
       4698.7981      0.16526983
       4703.1857      0.15405989
       4707.5773      0.15240313
       4711.9730      0.15033835
       4716.3728      0.14793723
       4720.7767      0.14527810
       4725.1848      0.14243885
       4729.5969      0.13949693
       4734.1710      0.13642351
       4738.5916      0.13351018
       4743.0162      0.13071989
       4747.4451      0.12812286
       4751.8780      0.12577833
       4756.3151      0.12373943
       4760.7563      0.12205530
       4765.2017      0.12076423
       4769.6512      0.11989579
       4774.2640      0.11946374
       4778.7220      0.11950970
       4783.1841      0.12001335
       4787.6505      0.12096720
       4792.1209      0.12235453
       4796.5956      0.12415134
       4801.0744      0.12632467
       4805.5575      0.12883217
       4810.2050      0.13173575
       4814.6965      0.13477849
       4819.1923      0.13800054
       4823.6922      0.14134181
       4828.1964      0.14474043
       4832.7047      0.14813355
       4837.2173      0.15145845
       4841.7340      0.15465678
       4846.4166      0.15777452
       4850.9419      0.16054113
       4855.4715      0.16302367
       4860.0053      0.16518147
       4864.5434      0.16698014
       4869.0856      0.16839851
       4873.6322      0.16942069
       4878.1829      0.17004528
       4882.7380      0.17027385
       4887.4601      0.17010954
       4892.0238      0.16959317
       4896.5918      0.16875861
       4901.1640      0.16765106
       4905.7404      0.16631977
       4910.3212      0.16482376
       4914.9062      0.16322572
       4919.4955      0.16158921
       4924.2533      0.15992859
       4928.8513      0.15842317
       4933.4536      0.15707669
       4938.0603      0.15594354
       4942.6712      0.15507169
       4947.2864      0.15449687
       4951.9060      0.15423949
       4956.5298      0.15430815
       4961.1580      0.15468628
       4965.9560      0.15537573
       4970.5930      0.15627376
       4975.2343      0.15732890
       4979.8800      0.15844888
       4984.5299      0.15952987
       4989.1843      0.16045041
       4993.8429      0.16108520
       4998.5060      0.16130894
       5003.3401      0.16098002
       5008.0120      0.16002830
       5012.6882      0.15840522
       5017.3688      0.15611899
       5022.0538      0.15326145
       5026.7432      0.15003915
       5031.4369      0.14680202
       5036.1351      0.14408646
       5041.0056      0.14264374
       5045.7126      0.14366573
       5050.4241      0.14848420
       5055.1399      0.15893245
       5059.8602      0.17733875
       5064.5849      0.15058521
       5069.3139      0.15371863
       5074.0474      0.15677877
       5078.7853      0.15975731
       5083.6971      0.16275168
       5088.4440      0.16555108
       5093.1954      0.16825373
       5097.9512      0.17085557
       5102.7114      0.17369889
       5107.4761      0.17595778
       5112.2452      0.17816306
       5117.0188      0.18029297
       5121.9675      0.18240269
       5126.7502      0.18433209
       5131.5373      0.18614447
       5136.3289      0.18783353
       5141.1250      0.18939308
       5145.9255      0.19081800
       5150.7305      0.19210422
       5155.5400      0.19325558
       5160.3540      0.19427212
       5165.3447      0.19518081
       5170.1679      0.19592755
       5174.9955      0.19654499
       5179.8277      0.19704229
       5184.6644      0.19742114
       5189.5056      0.19768863
       5194.3513      0.19785302
       5199.2015      0.19791754
       5204.2298      0.19788815
       5209.0893      0.19777272
       5213.9533      0.19758008
       5218.8218      0.19731651
       5223.6949      0.19698751
       5228.5725      0.19660201
       5233.4547      0.19616553
       5238.3415      0.19568703
       5243.4076      0.19515048
       5248.3036      0.19460258
       5253.2043      0.19405381
       5258.1095      0.19350108
       5263.0192      0.19293468
       5267.9336      0.19236146
       5272.8525      0.19178658
       5277.7761      0.19121260
       5282.7042      0.19064952
       5287.8132      0.19007859
       5292.7507      0.18954467
       5297.6929      0.18903299
       5302.6396      0.18854671
       5307.5910      0.18808978
       5312.5469      0.18766608
       5317.5076      0.18727871
       5322.4728      0.18692989
       5327.6202      0.18661336
       5332.5949      0.18635333
       5337.5743      0.18613945
       5342.5582      0.18597644
       5347.5469      0.18586335
       5352.5402      0.18580419
       5357.5381      0.18579809
       5362.5407      0.18584828
       5367.5480      0.18595565
       5372.7391      0.18612569
       5377.7559      0.18634941
       5382.7774      0.18663238
       5387.8036      0.18697327
       5392.8345      0.18737403
       5397.8700      0.18783420
       5402.9103      0.18835174
       5407.9553      0.18892962
       5413.1854      0.18959051
       5418.2400      0.19028663
       5423.2993      0.19104321
       5428.3633      0.19185839
       5433.4321      0.19273376
       5438.5056      0.19367179
       5443.5838      0.19466997
       5448.6668      0.19573260
       5453.9363      0.19690613
       5459.0289      0.19811230
       5464.1263      0.19939503
       5469.2284      0.20076009
       5474.3353      0.20221798
       5479.4470      0.15744489
       5484.5635      0.16094510
       5489.6847      0.16438011
       5494.8107      0.16774692
       5500.1248      0.17115607
       5505.2606      0.17436965
       5510.4011      0.17750086
       5515.5465      0.18054551
       5520.6967      0.18350290
       5525.8516      0.18636627
       5531.0114      0.18913306
       5536.1760      0.19179853
       5541.5301      0.19444995
       5546.7046      0.19689957
       5551.8838      0.19923911
       5557.0679      0.20146483
       5562.2568      0.20357322
       5567.4506      0.20556097
       5572.6492      0.20742689
       5577.8527      0.20916730
       5583.0611      0.21077972
       5588.4605      0.21231092
       5593.6788      0.21365649
       5598.9019      0.21486709
       5604.1299      0.21594130
       5609.3628      0.21687796
       5614.6005      0.21767622
       5619.8432      0.21898844
       5625.0907      0.21952432
       5630.5309      0.21998285
       5635.7884      0.22032757
       5641.0508      0.22058077
       5646.3182      0.22074504
       5651.5904      0.22082602
       5656.8676      0.22081874
       5662.1498      0.22073393
       5667.4368      0.22057064
       5672.9179      0.22032192
       5678.2150      0.22001107
       5683.5170      0.21963215
       5688.8240      0.21918938
       5694.1360      0.21868698
       5699.4529      0.21813019
       5704.7748      0.21752033
       5710.1017      0.21686550
       5715.4335      0.21616803
       5720.9610      0.21540522
       5726.3029      0.21463609
       5731.6499      0.21383586
       5737.0019      0.21301431
       5742.3588      0.21217075
       5747.7207      0.21131567
       5753.0877      0.21042229
       5758.4597      0.20950428
       5764.0288      0.20855529
       5769.4110      0.20764351
       5774.7982      0.20674023
       5780.1904      0.20585079
       5785.5877      0.20497591
       5790.9900      0.20412176
       5796.3973      0.20329433
       5801.8097      0.20249157
       5807.2272      0.20172204
       5812.8435      0.20095878
       5818.2712      0.20025831
       5823.7041      0.19959443
       5829.1420      0.19896941
       5834.5849      0.19838725
       5840.0330      0.19784411
       5845.4862      0.19734402
       5850.9444      0.19688319
       5856.6030      0.19644825
       5862.0716      0.19607123
       5867.5453      0.19573184
       5873.0242      0.19543076
       5878.5081      0.19516269
       5883.9972      0.19492832
       5889.4914      0.19472497
       5894.9907      0.19454914
       5900.6919      0.19439629
       5906.2017      0.19427271
       5911.7166      0.19417050
       5917.2367      0.19409215
       5922.7619      0.19403425
       5928.2923      0.19399847
       5933.8279      0.19398823
       5939.3686      0.19400521
       5944.9145      0.19405792
       5950.6640      0.19415734
       5956.2204      0.19431070
       5961.7820      0.19453504
       5967.3489      0.19484686
       5972.9209      0.19527402
       5978.4981      0.14118603
       5984.0806      0.14446430
       5989.6682      0.14770706
       5995.4610      0.15102506
       6001.0592      0.15418845
       6006.6627      0.15733478
       6012.2715      0.16043322
       6017.8855      0.16347707
       6023.5047      0.16646311
       6029.1292      0.16938908
       6034.7589      0.17225299
       6040.3939      0.17504764
       6046.2356      0.17786856
       6051.8813      0.18051713
       6057.5323      0.18309010
       6063.1885      0.18558153
       6068.8500      0.18799041
       6074.5169      0.19031351
       6080.1890      0.19254690
       6085.8664      0.19469102
       6091.7521      0.19681198
       6097.4403      0.19876167
       6103.1338      0.20061343
       6108.8326      0.20236333
       6114.5368      0.20401018
       6120.2462      0.20555396
       6125.9610      0.20699029
       6131.6812      0.20831768
       6137.6112      0.20957863
       6143.3422      0.21068007
       6149.0786      0.21167106
       6154.8203      0.21254720
       6160.5674      0.21330981
       6166.3199      0.21395487
       6172.0777      0.21448596
       6177.8409      0.21489944
       6183.6095      0.21519837
       6189.5898      0.21538191
       6195.3693      0.21544104
       6201.1542      0.21538286
       6206.9446      0.21520842
       6212.7404      0.21491989
       6218.5415      0.21451393
       6224.3481      0.21399407
       6230.1601      0.21336109
       6236.1854      0.21529933
       6242.0085      0.21499178
       6247.8370      0.21462904
       6253.6709      0.21421141
       6259.5103      0.21373920
       6265.3551      0.21321559
       6271.2054      0.21264188
       6277.0612      0.21202130
       6282.9224      0.21135890
       6288.9987      0.21063157
       6294.8711      0.20989699
       6300.7490      0.20913280
       6306.6323      0.20834487
       6312.5212      0.20754077
       6318.4155      0.20672252
       6324.3153      0.20589754
       6330.2207      0.20507316
       6336.3428      0.20422122
       6342.2593      0.20340890
       6348.1814      0.20260961
       6354.1091      0.20183030
       6360.0422      0.20107694
       6365.9810      0.20035192
       6371.9252      0.19966020
       6377.8750      0.19900756
       6384.0432      0.19837414
       6390.0043      0.19780910
       6395.9710      0.19729071
       6401.9432      0.19682554
       6407.9211      0.19641322
       6413.9045      0.19605772
       6419.8935      0.19575875
       6425.8881      0.19551604
       6431.8883      0.19533366
       6438.1087      0.19520511
       6444.1203      0.19513869
       6450.1375      0.19512885
       6456.1603      0.19517128
       6462.1888      0.19526603
       6468.2229      0.19540545
       6474.2626      0.19558534
       6480.3080      0.19579978
       6486.5752      0.19604940
       6492.6321      0.19631091
       6498.6946      0.19658053
       6504.7628      0.19682480
       6510.8366      0.19704862
       6516.9161      0.19723890
       6523.0013      0.19737818
       6529.0922      0.19744988
       6535.1888      0.19742967
       6541.5091      0.19728601
       6547.6172      0.19700082
       6553.7311      0.19654418
       6559.8506      0.19587685
       6565.9759      0.19496585
       6572.1069      0.12158647
       6578.2437      0.12466450
       6584.3861      0.12772618
       6590.7540      0.13087830
       6596.9081      0.13389952
       6603.0680      0.13689906
       6609.2336      0.13987174
       6615.4050      0.14281673
       6621.5822      0.14573216
       6627.7651      0.14861502
       6633.9538      0.15146374
       6640.1483      0.15427623
       6646.5701      0.15714959
       6652.7764      0.15988214
       6658.9884      0.16257290
       6665.2063      0.16521895
       6671.4299      0.16782176
       6677.6594      0.17037426
       6683.8947      0.17287898
       6690.1358      0.17533270
       6696.6059      0.17781854
       6702.8589      0.18016262
       6709.1177      0.18245103
       6715.3824      0.18468084
       6721.6529      0.18685336
       6727.9293      0.18896259
       6734.2115      0.19100917
       6740.4996      0.19299143
       6747.0184      0.19497418
       6753.3185      0.19682026
       6759.6244      0.19859567
       6765.9363      0.20029822
       6772.2540      0.20193018
       6778.5776      0.20348514
       6784.9071      0.20496381
       6791.2425      0.20636527
       6797.5839      0.20768779
       6804.1579      0.20897154
       6810.5113      0.21012514
       6816.8707      0.21119510
       6823.2360      0.21217914
       6829.6072      0.21307695
       6835.9844      0.21388268
       6842.3675      0.21460189
       6848.7566      0.21522989
       6855.3801      0.21578061
       6861.7813      0.21622011
       6868.1886      0.21656249
       6874.6018      0.21681203
       6881.0209      0.21696655
       6887.4461      0.21702391
       6893.8773      0.21698593
       6900.3145      0.21685172
       6906.7577      0.21661861
       6913.4373      0.21627791
       6919.8928      0.21585189
       6926.3542      0.21532831
       6932.8217      0.21471070
       6939.2953      0.21399990
       6945.7749      0.21319589
       6952.2605      0.21230069
       6958.7522      0.21131455
       6965.4821      0.21020139
       6971.9862      0.20903849
       6978.4963      0.20779071
       6985.0125      0.20646240
       6991.5348      0.20505336
       6998.0631      0.20356719
       7004.5976      0.20199814
       7011.1382      0.20035190
       7017.9188      0.21179377
       7024.4718      0.21110252
       7031.0309      0.21049944
       7037.5961      0.20995522
       7044.1675      0.20945375
       7050.7450      0.20897914
       7057.3287      0.20851749
       7063.9185      0.20806228
       7070.5145      0.20760712
       7077.3525      0.20713105
       7083.9610      0.20666515
       7090.5757      0.20619300
       7097.1965      0.20571467
       7103.8235      0.20523201
       7110.4568      0.20474863
       7117.0962      0.20426636
       7123.7418      0.20378878
       7130.6313      0.20330330
       7137.2895      0.20284659
       7143.9540      0.20240331
       7150.6247      0.20197693
       7157.3016      0.20157177
       7163.9848      0.20118770
       7170.6742      0.20082285
       7177.3698      0.20048504
       7184.0717      0.20016974
       7191.0195      0.19986713
       7197.7342      0.19959655
       7204.4551      0.19934906
       7211.1823      0.19911932
       7217.9157      0.19890641
       7224.6555      0.19870939
       7231.4015      0.19852649
       7238.1539      0.19835330
       7245.1540      0.19818712
       7251.9192      0.19803676
       7258.6907      0.19789777
       7265.4685      0.19777188
       7272.2527      0.19766512
       7279.0432      0.19758007
       7285.8400      0.19752973
       7292.6432      0.19752445
       7299.6960      0.10305786
       7306.5122      0.10592999
       7313.3346      0.10880947
       7320.1635      0.11169262
       7326.9987      0.11457362
       7333.8403      0.11745203
       7340.6883      0.12032079
       7347.5427      0.12317842
       7354.4035      0.12602030
       7361.5161      0.12894409
       7368.3899      0.13174524
       7375.2702      0.13452035
       7382.1569      0.13726643
       7389.0500      0.13998185
       7395.9495      0.14266195
       7402.8555      0.14530845
       7409.7680      0.14791367
       7416.9341      0.15057014
       7423.8597      0.15309137
       7430.7917      0.15556731
       7437.7302      0.15799788
       7444.6753      0.16038046
       7451.6267      0.16271314
       7458.5847      0.16499783
       7465.5492      0.16723080
       7472.5202      0.16941060
       7479.7470      0.17161418
       7486.7312      0.17368775
       7493.7220      0.17570683
       7500.7193      0.17767364
       7507.7231      0.17958512
       7514.7335      0.18144143
       7521.7504      0.18324442
       7528.7738      0.18498893
       7536.0550      0.18674004
       7543.0919      0.18837372
       7550.1352      0.18995074
       7557.1852      0.19147197
       7564.2418      0.19293499
       7571.3049      0.19434257
       7578.3746      0.19569246
       7585.4510      0.19698248
       7592.7870      0.19825820
       7599.8768      0.19942837
       7606.9732      0.20053846
       7614.0762      0.20158739
       7621.1859      0.20257681
       7628.3022      0.20350042
       7635.4252      0.20436089
       7642.5548      0.20515556
       7649.6910      0.20588184
       7657.0892      0.20656604
       7664.2390      0.20715342
       7671.3955      0.20766946
       7678.5587      0.20811544
       7685.7286      0.20848724
       7692.9052      0.20878537
       7700.0884      0.20900402
       7707.2784      0.20914659
       7714.7323      0.20921096
       7721.9359      0.20918999
       7729.1463      0.20908908
       7736.3634      0.20890468
       7743.5873      0.20863790
       7750.8179      0.20828633
       7758.0552      0.20785041
       7765.2993      0.20732884
       7772.5502      0.20672407
       7780.0672      0.20600684
       7787.3318      0.20522910
       7794.6033      0.20436629
       7801.8815      0.20342129
       7809.1666      0.20239615
       7816.4584      0.20128947
       7823.7570      0.20010530
       7831.0625      0.19884421
       7838.6361      0.19746245
       7845.9554      0.19605512
       7853.2816      0.19458087
       7860.6146      0.19304387
       7867.9545      0.19144498
       7875.3012      0.18978842
       7882.6548      0.18808174
       7890.0153      0.18632569
       7897.6459      0.18446102
       7905.0203      0.18262237
       7912.4016      0.18074962
       7919.7899      0.17884888
       7927.1850      0.17692148
       7934.5870      0.17497714
       7941.9960      0.17301614
       7949.4119      0.17104403
       7956.8346      0.16906764
       7964.5298      0.16701849
       7971.9668      0.16503998
       7979.4106      0.16306909
       7986.8614      0.16110262
       7994.3192      0.15914583
       8001.7839      0.15720388
       8009.2556      0.15528214
       8016.7342      0.18103283
       8024.4874      0.18107315
       8031.9803      0.18106942
       8039.4802      0.18102592
       8046.9870      0.18093548
       8054.5009      0.18080062
       8062.0219      0.18061901
       8069.5498      0.18038844
       8077.0848      0.18010909
       8084.6268      0.17977803
       8092.4456      0.17937849
       8100.0019      0.17893473
       8107.5653      0.17843170
       8115.1358      0.17786443
       8122.7133      0.17723198
       8130.2979      0.17652885
       8137.8896      0.17575593
       8145.4884      0.17490722
       8153.3661      0.17394823
       8160.9793      0.17294786
       8168.5996      0.17187696
       8176.2271      0.17074443
       8183.8617      0.16955975
       8191.5034      0.16833814
       8199.1522      0.16710257
       8206.8082     0.070661056
       8214.7452     0.072652972
       8222.4157     0.074609439
       8230.0934     0.076597725
       8237.7783     0.078616535
       8245.4703     0.080662326
       8253.1696     0.082732993
       8260.8760     0.084826253
       8268.5896     0.086937326
       8276.3104     0.089064930
       8284.3146     0.091280805
       8292.0501     0.093428472
       8299.7928     0.095581308
       8307.5428     0.097734795
       8315.3000     0.099885443
       8323.0644      0.10202873
       8330.8361      0.10416261
       8338.6151      0.10628228
       8346.6795      0.10845951
       8354.4732      0.11053932
       8362.2743      0.11259716
       8370.0826      0.11462684
       8377.8982      0.11662698
       8385.7210      0.11859480
       8393.5512      0.12052750
       8401.3887      0.12242445
       8409.2336      0.12428354
       8417.3663      0.12616436
       8425.2260      0.12793910
       8433.0931      0.12967041
       8440.9675      0.13135821
       8448.8493      0.13300251
       8456.7385      0.13459996
       8464.6350      0.13615260
       8472.5389      0.13766022
       8480.7328      0.13917431
       8488.6517      0.14058872
       8496.5780      0.14196013
       8504.5117      0.14328570
       8512.4528      0.14456777
       8520.4014      0.14580748
       8528.3573      0.14700354
       8536.3207      0.14815995
       8544.5763      0.14931382
       8552.5549      0.15038726
       8560.5408      0.15142118
       8568.5343      0.15241733
       8576.5352      0.15337419
       8584.5435      0.15429502
       8592.5594      0.15517841
       8600.5827      0.15602572
       8608.6135      0.15683630
       8616.9391      0.15763879
       8624.9852      0.15837560
       8633.0388      0.15907671
       8641.0999      0.15974089
       8649.1686      0.16036697
       8657.2448      0.16095660
       8665.3285      0.16150582
       8673.4198      0.16201560
       8681.8080      0.16250004
       8689.9147      0.16292272
       8698.0289      0.16330130
       8706.1507      0.16363544
       8714.2801      0.16392057
       8722.4171      0.16415498
       8730.5617      0.16433699
       8738.7139      0.16446428
       8746.8737      0.16453671
       8755.3329      0.16454863
       8763.5083      0.16449746
       8771.6912      0.16438275
       8779.8818      0.16420173
       8788.0801      0.16395318
       8796.2860      0.16363382
       8804.4995      0.16324264
       8812.7207      0.16277800
       8821.2437      0.16221506
       8829.4806      0.16159567
       8837.7251      0.16089591
       8845.9774      0.16011686
       8854.2373      0.15925761
       8862.5050      0.15831810
       8870.7804      0.15729841
       8879.0635      0.15619882
       8887.6506      0.15497698
       8895.9495      0.15371658
       8904.2561      0.15238005
       8912.5705      0.15096891
       8920.8926      0.14948610
       8929.2225      0.14793334
       8937.5602      0.14631440
       8945.9057      0.14463248
       8954.2590      0.14289328
       8962.9188      0.14103444
       8971.2880      0.13918922
       8979.6649      0.13729998
       8988.0497      0.13537153
       8996.4423      0.13340979
       9004.8428      0.13142799
       9013.2511      0.12942793
       9021.6673      0.12741241
       9030.3923      0.12531478
       9038.8244      0.12328638
       9047.2645      0.12125938
       9055.7124      0.11924055
       9064.1682      0.11723473
       9072.6319      0.11524695
       9081.1035      0.11328291
       9089.5830      0.11134696
       9098.0704      0.10944072
       9106.8693      0.10750189
       9115.3729      0.10566562
       9123.8844      0.10386620
       9132.4039      0.10210413
       9140.9313      0.10037813
       9149.4667     0.098686064
       9158.0100     0.097024214
       9166.5613     0.095390336
       9175.4265     0.093720515
       9183.9941     0.092123647
       9192.5696     0.090534504
       9201.1532     0.088943843
       9209.7448     0.087343912
       9218.3445     0.085721158
       9226.9521     0.084067603
       9235.5678     0.082370301
       9244.4997     0.080553892
       9253.1318     0.078731561
       9261.7719     0.076830908
       9270.4201     0.074841581
       9279.0764     0.072755021
       9287.7408     0.070564668
       9296.4133     0.068266442
       9305.0938     0.065860871
       9313.7825     0.063351141
       9322.7900     0.060653457
       9331.4952     0.057969515
       9340.2085     0.055233292
       9348.9300     0.071426634
       9357.6596     0.070030895
       9366.3973     0.068705560
       9375.1432     0.067465424
       9383.8973     0.023982056
       9392.9726     0.025025497
       9401.7433     0.025897685
       9410.5222     0.026641374
       9419.3093     0.027267987
       9428.1047     0.027793501
       9436.9082     0.028235858
       9445.7199     0.028614160
       9454.5399     0.028946886
       9463.3681     0.029251602
       9472.5203     0.029554057
       9481.3653     0.029846409
       9490.2186     0.030149462
       9499.0801     0.030471109
       9507.9499     0.030815667
       9516.8280     0.031185752
       9525.7143     0.031581354
       9534.6090     0.032000800
       9543.8301     0.032455854
       9552.7417     0.032910603
       9561.6616     0.033373481
       9570.5898     0.033838555
       9579.5264     0.034298358
       9588.4713     0.034745781
       9597.4246     0.035174006
       9606.3862     0.035576397
       9615.6767     0.035959828
       9624.6554     0.036292857
       9633.6424     0.036584755
       9642.6379     0.036833191
       9651.6417     0.037035621
       9660.6540     0.037191273
       9669.6746     0.037299875
       9678.7037     0.037362982
       9687.7412     0.037382000
       9697.1104     0.037358156
       9706.1651     0.037296163
       9715.2283     0.037199783
       9724.2999     0.037072699
       9733.3800     0.036919283
       9742.4686     0.036743577
       9751.5657     0.036549115
       9760.6712     0.036339719
       9770.1109     0.036110711
       9779.2338     0.035880173
       9788.3652     0.035643277
       9797.5051     0.035400320
       9806.6536     0.035152535
       9815.8106     0.034899582
       9824.9761     0.034640535
       9834.1502     0.034373893
       9843.3329     0.034097470
       9852.8526     0.033798001
       9862.0527     0.033492797
       9871.2614     0.033168342
       9880.4787     0.032820493
       9889.7047     0.032446211
       9898.9392     0.032041698
       9908.1824     0.031603755
       9917.4342     0.031129519
       9927.0255     0.030598345
       9936.2949     0.030044962
       9945.5730     0.029451485
       9954.8597     0.028818550
       9964.1550     0.028147869
       9973.4591     0.027441523
       9982.7719     0.026703599
       9992.0933     0.025938765
       10001.757     0.025123775
       10011.096     0.024322082
       10020.444     0.023511765
       10029.801     0.022699117
       10039.166     0.021891182
       10048.540     0.021093836
       10057.923     0.020312325
       10067.314     0.019550748
       10076.715     0.018811610
       10086.460     0.018070012
       10095.879     0.017375481
       10105.306     0.016697299
       10114.741     0.016028191
       10124.186     0.015358688
       10133.640     0.014676485
       10143.102     0.013967664
       10152.573     0.013216991
       10162.392     0.012379616
       10171.881     0.011499990
       10181.379     0.010541739
