       3995.7960    0.0023272949
       3999.5271    0.0028987808
       4003.2617    0.0033269436
       4006.9997    0.0036448763
       4010.7413    0.0038818138
       4014.6201    0.0040687952
       4018.3688    0.0042150142
       4022.1210    0.0043455940
       4025.8766    0.0044749074
       4029.6358    0.0046141619
       4033.3985    0.0047718093
       4037.1647    0.0049535795
       4040.9344    0.0051629309
       4044.8425    0.0054104554
       4048.6194    0.0056787503
       4052.3998    0.0059741829
       4056.1837    0.0062938483
       4059.9712    0.0066339939
       4063.7622    0.0069903072
       4067.5568    0.0073578646
       4071.3549    0.0077317959
       4075.1565    0.0081069757
       4079.0977    0.0084915338
       4082.9065    0.0088542801
       4086.7190    0.0092042574
       4090.5349    0.0095376458
       4094.3545    0.0098512964
       4098.1776     0.010142507
       4102.0043     0.010409261
       4105.8346     0.010650186
       4109.6684     0.010864664
       4113.6429     0.011058683
       4117.4841     0.011219217
       4121.3288     0.011354615
       4125.1771     0.011466231
       4129.0290     0.011555823
       4132.8845     0.011625668
       4136.7436     0.011678219
       4140.6063     0.011716070
       4144.6107     0.011742452
       4148.4808     0.011758426
       4152.3544     0.011767487
       4156.2317     0.011772204
       4160.1126     0.011774641
       4163.9971     0.011776710
       4167.8852     0.011779961
       4171.7770     0.011785484
       4175.6724     0.011794005
       4179.7108     0.011806335
       4183.6136     0.011821138
       4187.5201     0.011838397
       4191.4302     0.011856663
       4195.3440     0.011874636
       4199.2614     0.011890019
       4203.1824     0.013546892
       4207.1072     0.013612645
       4211.0356     0.013778011
       4215.1082     0.014011828
       4219.0440     0.014264920
       4222.9836     0.014520151
       4226.9268     0.014758794
       4230.8737     0.014967262
       4234.8243     0.015136127
       4238.7786     0.015260239
       4242.7366     0.015337189
       4246.8398     0.015367700
       4250.8053     0.015352251
       4254.7745     0.015297456
       4258.7474     0.015209480
       4262.7240     0.015095524
       4266.7043     0.014964395
       4270.6884     0.014825277
       4274.6762     0.014688154
       4278.6677     0.014563927
       4282.8056     0.014461070
       4286.8047     0.014398633
       4290.8075     0.014384704
       4294.8141     0.014432131
       4298.8244     0.014553789
       4302.8384     0.014763154
       4306.8562     0.015074503
       4310.8778     0.015502313
       4315.0469     0.016084334
       4319.0761     0.016797370
       4323.1090     0.017676338
       4327.1457     0.018740277
       4331.1862     0.020009489
       4335.2305     0.014626396
       4339.2785     0.015386046
       4343.3303     0.016152335
       4347.3859     0.016920697
       4351.5904     0.017713788
       4355.6537     0.018472004
       4359.7208     0.019218552
       4363.7917     0.019948685
       4367.8664     0.020658854
       4371.9449     0.021344926
       4376.0272     0.022003557
       4380.1134     0.022631851
       4384.2033     0.023226905
       4388.4434     0.023805701
       4392.5411     0.024326555
       4396.6426     0.024808729
       4400.7480     0.025250822
       4404.8572     0.025652516
       4408.9703     0.026013699
       4413.0872     0.026334690
       4417.2079     0.026615871
       4421.4799     0.026866170
       4425.6084     0.027069524
       4429.7409     0.027237173
       4433.8771     0.027370601
       4438.0173     0.027471827
       4442.1613     0.027543275
       4446.3092     0.027586886
       4450.4609     0.028135677
       4454.6166     0.028258645
       4458.9247     0.028322253
       4463.0882     0.028343490
       4467.2557     0.028343433
       4471.4270     0.028337133
       4475.6022     0.028337416
       4479.7813     0.028355482
       4483.9643     0.028398970
       4488.1512     0.028474882
       4492.4918     0.028593147
       4496.6867     0.028748595
       4500.8855     0.028947560
       4505.0882     0.029190500
       4509.2948     0.029476860
       4513.5054     0.029804599
       4517.7199     0.030172252
       4521.9383     0.030576363
       4526.1607     0.031013371
       4530.5380     0.031496883
       4534.7685     0.031988705
       4539.0028     0.032500462
       4543.2411     0.033027201
       4547.4834     0.033564079
       4551.7296     0.034106218
       4555.9798     0.034648421
       4560.2340     0.035186390
       4564.4921     0.035715747
       4568.9065     0.036250232
       4573.1727     0.036749358
       4577.4429     0.037228839
       4581.7172     0.037685247
       4585.9953     0.038116748
       4590.2775     0.038522024
       4594.5637     0.038899968
       4598.8539     0.039249347
       4603.3015     0.039582934
       4607.5999     0.039877929
       4611.9023     0.040147759
       4616.2086     0.040395256
       4620.5190     0.040623197
       4624.8335     0.040834817
       4629.1519     0.041033998
       4633.4744     0.041224708
       4637.8009     0.041412461
       4642.2862     0.041608026
       4646.6210     0.041802798
       4650.9598     0.042008967
       4655.3026     0.042230221
       4659.6495     0.042470703
       4664.0005     0.042733356
       4668.3555     0.043021028
       4672.7146     0.043333824
       4677.0778     0.043671876
       4681.6011     0.044045834
       4685.9725     0.044425076
       4690.3481     0.044815229
       4694.7277     0.045205404
       4699.1114     0.045583131
       4703.4992     0.042631447
       4707.8911     0.043479252
       4712.2871     0.044303614
       4716.8445     0.045132773
       4721.2488     0.045908162
       4725.6573     0.046659347
       4730.0699     0.047384096
       4734.4866     0.048082066
       4738.9075     0.048751331
       4743.3325     0.049390845
       4747.7616     0.049998978
       4752.1948     0.050575485
       4756.7907     0.051137148
       4761.2324     0.051644363
       4765.6782     0.052116992
       4770.1282     0.052553530
       4774.5823     0.052955094
       4779.0406     0.053321539
       4783.5030     0.053652792
       4787.9696     0.053949838
       4792.6002     0.054221921
       4797.0753     0.054452705
       4801.5546     0.054653007
       4806.0380     0.054824894
       4810.5257     0.054970997
       4815.0175     0.055093275
       4819.5136     0.055194728
       4824.0138     0.055278393
       4828.5182     0.055347104
       4833.1880     0.055406239
       4837.7010     0.055455843
       4842.2182     0.055500614
       4846.7397     0.055545167
       4851.2653     0.055593167
       4855.7952     0.055647552
       4860.3293     0.055712260
       4864.8677     0.055790020
       4869.4102     0.055885549
       4874.1195     0.056004433
       4878.6708     0.056142706
       4883.2262     0.056306283
       4887.7860     0.056496125
       4892.3500     0.056714496
       4896.9182     0.056961961
       4901.4907     0.057239147
       4906.0675     0.057545717
       4910.8122     0.057892644
       4915.3977     0.058255890
       4919.9875     0.058643043
       4924.5816     0.059052200
       4929.1799     0.059479102
       4933.7825     0.059919862
       4938.3895     0.060368390
       4943.0007     0.060819997
       4947.6163     0.061268241
       4952.4012     0.061721771
       4957.0255     0.062141978
       4961.6541     0.062537565
       4966.2871     0.062901123
       4970.9244     0.063226229
       4975.5660     0.063505854
       4980.2120     0.063735177
       4984.8623     0.063909165
       4989.5169     0.064025948
       4994.3423     0.064085008
       4999.0058     0.064085748
       5003.6737     0.064034243
       5008.3459     0.063941885
       5013.0224     0.063824695
       5017.7033     0.063702677
       5022.3886     0.063603504
       5027.0783     0.063562510
       5031.9401     0.063630434
       5036.6387     0.063859469
       5041.3417     0.064319691
       5046.0490     0.065092085
       5050.7608     0.066276529
       5055.4770     0.067989720
       5060.1975     0.058115961
       5064.9225     0.059250925
       5069.6519     0.060355536
       5074.5548     0.061466702
       5079.2932     0.062507643
       5084.0360     0.063516804
       5088.7833     0.064493801
       5093.5349     0.065438655
       5098.2910     0.066351290
       5103.0516     0.067418018
       5107.8166     0.068196301
       5112.7564     0.069003565
       5117.5305     0.069775609
       5122.3090     0.070533349
       5127.0920     0.071271756
       5131.8794     0.071988790
       5136.6713     0.072680458
       5141.4677     0.073346540
       5146.2686     0.073986859
       5151.0739     0.074601623
       5156.0556     0.075211900
       5160.8701     0.075777889
       5165.6891     0.076324316
       5170.5126     0.076851041
       5175.3405     0.077362355
       5180.1730     0.077859959
       5185.0100     0.078346988
       5189.8516     0.078825965
       5194.6976     0.079298457
       5199.7215     0.079783919
       5204.5767     0.080252252
       5209.4365     0.080719773
       5214.3009     0.081190005
       5219.1697     0.081663315
       5224.0432     0.082140817
       5228.9211     0.082622542
       5233.8036     0.083109271
       5238.8653     0.083618673
       5243.7572     0.084114564
       5248.6535     0.084615235
       5253.5545     0.085130022
       5258.4600     0.085651870
       5263.3701     0.086174647
       5268.2848     0.086695660
       5273.2041     0.087214079
       5278.1279     0.087728669
       5283.2325     0.088253880
       5288.1658     0.088753162
       5293.1036     0.089242717
       5298.0461     0.089720403
       5302.9931     0.090184791
       5307.9448     0.090635668
       5312.9011     0.091071191
       5317.8621     0.091491130
       5322.8276     0.091894846
       5327.9754     0.092296524
       5332.9504     0.092669591
       5337.9301     0.093029057
       5342.9144     0.093376378
       5347.9034     0.093715116
       5352.8970     0.094048062
       5357.8953     0.094377635
       5362.8982     0.094708778
       5368.0848     0.095060105
       5373.0973     0.095409988
       5378.1144     0.095777975
       5383.1362     0.096169762
       5388.1628     0.096589879
       5393.1940     0.097047192
       5398.2299     0.097545230
       5403.2705     0.098090178
       5408.3158     0.098688868
       5413.5463     0.099366942
       5418.6012      0.10008238
       5423.6609      0.10085742
       5428.7252      0.10169162
       5433.7943      0.10257819
       5438.8681      0.10351295
       5443.9467      0.10448284
       5449.0300      0.10547108
       5454.2999      0.10648999
       5459.3928      0.10744104
       5464.4906      0.10832159
       5469.5930      0.10908665
       5474.7003      0.10968067
       5479.8123     0.084165319
       5484.9291     0.086208140
       5490.0507     0.088229217
       5495.1770     0.090224733
       5500.4915     0.092264004
       5505.6276     0.094202969
       5510.7685     0.096110470
       5515.9142     0.097985997
       5521.0647     0.099824441
       5526.2200      0.10162638
       5531.3802      0.10338910
       5536.5451      0.10510942
       5541.7149      0.10678658
       5547.0744      0.10847602
       5552.2540      0.11005841
       5557.4384      0.11159133
       5562.6277      0.11307308
       5567.8218      0.11450156
       5573.0208      0.11587478
       5578.2246      0.11719239
       5583.4333      0.11845056
       5588.8331      0.11969050
       5594.0517      0.12082311
       5599.2752      0.12189415
       5604.5035      0.12289963
       5609.7367      0.12383832
       5614.9748      0.12470804
       5620.2178      0.12586380
       5625.4657      0.12672493
       5630.7185      0.12751014
       5636.1641      0.12825268
       5641.4269      0.12890973
       5646.6946      0.12951438
       5651.9672      0.13007330
       5657.2448      0.13059104
       5662.5272      0.13107169
       5667.8146      0.13152118
       5673.1070      0.13193918
       5678.5935      0.13234490
       5683.8959      0.13271072
       5689.2033      0.13305476
       5694.5156      0.13337860
       5699.8329      0.13368444
       5705.1551      0.13397216
       5710.4823      0.13424514
       5715.8145      0.13450276
       5721.1517      0.13474725
       5726.6847      0.13498957
       5732.0320      0.13521356
       5737.3843      0.13542840
       5742.7416      0.13563586
       5748.1039      0.13583765
       5753.4712      0.13601641
       5758.8436      0.13618072
       5764.2209      0.13634520
       5769.6033      0.13650985
       5775.1832      0.13668057
       5780.5757      0.13685157
       5785.9734      0.13702757
       5791.3761      0.13720921
       5796.7838      0.13740071
       5802.1965      0.13760151
       5807.6144      0.13781346
       5813.0372      0.13803785
       5818.6591      0.13828552
       5824.0923      0.13853981
       5829.5306      0.13881041
       5834.9739      0.13909676
       5840.4224      0.13939958
       5845.8759      0.13971961
       5851.3345      0.14005697
       5856.7982      0.14040990
       5862.2670      0.14078099
       5867.9365      0.14118019
       5873.4157      0.14158125
       5878.9000      0.14199401
       5884.3895      0.14242109
       5889.8840      0.14285631
       5895.3837      0.14330038
       5900.8886      0.14375151
       5906.3985      0.14420590
       5911.9137      0.14466362
       5917.6312      0.14513727
       5923.1568      0.14559277
       5928.6875      0.14604645
       5934.2235      0.14649573
       5939.7646      0.14693862
       5945.3109      0.14737828
       5950.8623      0.14781339
       5956.4189      0.14824715
       5962.1795      0.14869701
       5967.7467      0.14913853
       5973.3191      0.14959118
       5978.8967      0.10738959
       5984.4795      0.11002772
       5990.0676      0.11264451
       5995.6608      0.11523290
       6001.2593      0.11779980
       6006.8630      0.12035466
       6012.6723      0.12296418
       6018.2867      0.12544524
       6023.9063      0.12788479
       6029.5311      0.13028021
       6035.1612      0.13262900
       6040.7966      0.13492708
       6046.4372      0.13717276
       6052.0830      0.13936339
       6057.9361      0.14157008
       6063.5927      0.14363964
       6069.2546      0.14564733
       6074.9218      0.14758906
       6080.5943      0.14946408
       6086.2721      0.15126991
       6091.9552      0.15300545
       6097.6435      0.15467052
       6103.3372      0.15625969
       6109.2399      0.15782745
       6114.9444      0.15926428
       6120.6543      0.16062387
       6126.3694      0.16190616
       6132.0900      0.16310982
       6137.8158      0.16423298
       6143.5470      0.16527820
       6149.2836      0.16624535
       6155.0255      0.16713006
       6160.9781      0.16796309
       6166.7310      0.16868572
       6172.4892      0.16933038
       6178.2528      0.16989391
       6184.0217      0.17038073
       6189.7961      0.17078867
       6195.5758      0.17111941
       6201.3610      0.17137249
       6207.3584      0.17155405
       6213.1545      0.17165316
       6218.9561      0.17167767
       6224.7631      0.17162982
       6230.5755      0.17150889
       6236.3933      0.17131429
       6242.2165      0.17437838
       6248.0452      0.17465162
       6253.8794      0.17486154
       6259.9276      0.17502835
       6265.7728      0.17515639
       6271.6235      0.17526144
       6277.4797      0.17535499
       6283.3413      0.17544397
       6289.2084      0.17553609
       6295.0809      0.17563287
       6300.9590      0.17574283
       6306.8425      0.17586754
       6312.9420      0.17601289
       6318.8367      0.17616950
       6324.7370      0.17634639
       6330.6427      0.17654129
       6336.5540      0.17675581
       6342.4707      0.17698769
       6348.3930      0.17723778
       6354.3209      0.17750381
       6360.4663      0.17779959
       6366.4054      0.17809775
       6372.3500      0.17841208
       6378.3002      0.17874110
       6384.2560      0.17908408
       6390.2173      0.17943719
       6396.1842      0.17980363
       6402.1566      0.18018031
       6408.1347      0.18056889
       6414.3321      0.18098101
       6420.3215      0.18139123
       6426.3165      0.18180956
       6432.3171      0.18223765
       6438.3233      0.18267478
       6444.3351      0.18311858
       6450.3525      0.18357073
       6456.3756      0.18402883
       6462.6196      0.18450881
       6468.6541      0.18497496
       6474.6943      0.18544063
       6480.7400      0.18590340
       6486.7914      0.18635997
       6492.8485      0.18680288
       6498.9112      0.18722793
       6504.9796      0.18760698
       6511.0536      0.18794631
       6517.3506      0.18824785
       6523.4362      0.18847568
       6529.5275      0.18862588
       6535.6244      0.18868086
       6541.7271      0.18861484
       6547.8355      0.18840399
       6553.9495      0.18801737
       6560.0693      0.18742068
       6566.1948      0.18657333
       6572.5451      0.12114919
       6578.6822      0.12450545
       6584.8251      0.12787266
       6590.9737      0.13124557
       6597.1280      0.13462110
       6603.2881      0.13799612
       6609.4540      0.14136755
       6615.6256      0.14473104
       6622.0236      0.14820225
       6628.2070      0.15153986
       6634.3961      0.15485737
       6640.5910      0.15815231
       6646.7917      0.16141946
       6652.9981      0.16465645
       6659.2104      0.16785878
       6665.4284      0.17102343
       6671.6523      0.17414597
       6678.1046      0.17733062
       6684.3403      0.18035587
       6690.5818      0.18332641
       6696.8292      0.18624276
       6703.0823      0.18909915
       6709.3414      0.19189057
       6715.6062      0.19461717
       6721.8770      0.19727415
       6728.1535      0.19986028
       6734.6605      0.20245943
       6740.9490      0.20489198
       6747.2433      0.20724633
       6753.5436      0.20952000
       6759.8498      0.21170978
       6766.1618      0.21381722
       6772.4797      0.21583657
       6778.8035      0.21777165
       6785.3594      0.21968310
       6791.6953      0.22144050
       6798.0371      0.22310608
       6804.3847      0.22468448
       6810.7384      0.22617268
       6817.0979      0.22757374
       6823.4634      0.22888291
       6829.8348      0.23010558
       6836.2122      0.23123825
       6842.8236      0.23231987
       6849.2132      0.23327584
       6855.6086      0.23414517
       6862.0101      0.23493002
       6868.4175      0.23562846
       6874.8309      0.23624593
       6881.2503      0.23677969
       6887.6757      0.23723126
       6894.3369      0.23761637
       6900.7745      0.23790748
       6907.2181      0.23811837
       6913.6678      0.23825094
       6920.1234      0.23830609
       6926.5851      0.23828692
       6933.0528      0.23818923
       6939.5266      0.23801942
       6946.0064      0.23777241
       6952.7240      0.23743647
       6959.2161      0.23703694
       6965.7143      0.23656115
       6972.2186      0.23600957
       6978.7289      0.23538067
       6985.2453      0.23467507
       6991.7678      0.23389144
       6998.2964      0.23302746
       7004.8311      0.23207272
       7011.6056      0.23099300
       7018.1527      0.24706656
       7024.7059      0.24738916
       7031.2653      0.24777198
       7037.8307      0.24818804
       7044.4023      0.24861130
       7050.9801      0.24902212
       7057.5639      0.24940619
       7064.3894      0.24976442
       7070.9858      0.25005947
       7077.5884      0.25030315
       7084.1971      0.25048980
       7090.8120      0.25061710
       7097.4331      0.25068386
       7104.0603      0.25069443
       7110.6938      0.25064881
       7117.3334      0.25055363
       7124.2167      0.25040559
       7130.8690      0.25022136
       7137.5274      0.25000099
       7144.1921      0.24975227
       7150.8630      0.24948400
       7157.5402      0.24919738
       7164.2236      0.24890667
       7170.9132      0.24862060
       7177.8483      0.24833476
       7184.5506      0.24807757
       7191.2592      0.24785438
       7197.9741      0.24766939
       7204.6952      0.24753558
       7211.4226      0.24745940
       7218.1563      0.24745708
       7224.8963      0.24753730
       7231.6426      0.24770890
       7238.6364      0.24799481
       7245.3955      0.24838795
       7252.1609      0.24890301
       7258.9327      0.24954946
       7265.7107      0.25033932
       7272.4951      0.25127174
       7279.2858      0.25235385
       7286.0829      0.25358977
       7292.8863      0.25497610
       7299.9394      0.13918148
       7306.7557      0.14315427
       7313.5784      0.14713700
       7320.4075      0.15112427
       7327.2429      0.15511325
       7334.0848      0.15909916
       7340.9330      0.16307855
       7347.7876      0.16704738
       7354.8938      0.17114422
       7361.7615      0.17508150
       7368.6355      0.17899925
       7375.5160      0.18289455
       7382.4029      0.18676462
       7389.2963      0.19061021
       7396.1961      0.19442476
       7403.1023      0.19820937
       7410.0150      0.20196205
       7417.1813      0.20581274
       7424.1071      0.20949663
       7431.0394      0.21314342
       7437.9782      0.21675368
       7444.9234      0.22032826
       7451.8751      0.22386341
       7458.8333      0.22735936
       7465.7981      0.23081657
       7472.7693      0.23423578
       7479.9963      0.23773256
       7486.9808      0.24106770
       7493.9718      0.24435835
       7500.9693      0.24760902
       7507.9734      0.25081364
       7514.9840      0.25397380
       7522.0011      0.25708789
       7529.0248      0.26015441
       7536.3062      0.26327925
       7543.3433      0.26624170
       7550.3869      0.26915350
       7557.4371      0.27200869
       7564.4939      0.27480599
       7571.5573      0.27754301
       7578.6272      0.28021613
       7585.7038      0.28282177
       7592.7870      0.28536009
       7600.1301      0.28790956
       7607.2268      0.29029063
       7614.3300      0.29259239
       7621.4399      0.29480872
       7628.5565      0.29693614
       7635.6797      0.29896591
       7642.8095      0.30090113
       7649.9460      0.30273310
       7657.3444      0.30451841
       7664.4945      0.30612885
       7671.6512      0.30762475
       7678.8147      0.30899896
       7685.9848      0.31025113
       7693.1616      0.31137701
       7700.3451      0.31237244
       7707.5353      0.31323066
       7714.7323      0.31395461
       7722.1933      0.31455555
       7729.4039      0.31499317
       7736.6213      0.31528730
       7743.8454      0.31543614
       7751.0762      0.31543948
       7758.3138      0.31529873
       7765.5582      0.31501267
       7772.8093      0.31457895
       7780.0672      0.31400645
       7787.5914      0.31326396
       7794.8631      0.31240411
       7802.1416      0.31140972
       7809.4269      0.31028349
       7816.7189      0.30903369
       7824.0178      0.30766044
       7831.3235      0.30616816
       7838.6361      0.30456803
       7846.2169      0.30279763
       7853.5434      0.30099015
       7860.8767      0.29909094
       7868.2168      0.29710967
       7875.5637      0.29504944
       7882.9176      0.29292240
       7890.2783      0.29073144
       7897.6459      0.28848713
       7905.0203      0.28619346
       7912.6654      0.28377554
       7920.0539      0.28140426
       7927.4493      0.27900370
       7934.8515      0.27657617
       7942.2607      0.27412879
       7949.6768      0.27166363
       7957.0999      0.26918157
       7964.5298      0.26668582
       7971.9668      0.26417253
       7979.6766      0.26155390
       7987.1276      0.25900354
       7994.5856      0.25643182
       8002.0506      0.25383288
       8009.5226      0.25121226
       8017.0015      0.29970978
       8024.4874      0.29869919
       8031.9803      0.29805172
       8039.7481      0.29765043
       8047.2553      0.29742677
       8054.7694      0.29728548
       8062.2906      0.29715988
       8069.8188      0.29699778
       8077.3540      0.29675618
       8084.8963      0.29640409
       8092.4456      0.29591717
       8100.0019      0.29528313
       8107.8356      0.29447105
       8115.4063      0.29353949
       8122.9841      0.29248234
       8130.5689      0.29132918
       8138.1609      0.29012443
       8145.7599      0.28891574
       8153.3661      0.28777904
       8160.9793      0.28680288
       8168.8719      0.28607658
       8176.4996      0.28578184
       8184.1345      0.28605340
       8191.7764      0.28706930
       8199.4255      0.28906086
       8207.0818      0.12876591
       8214.7452      0.13236105
       8222.4157      0.13601652
       8230.0934      0.13973241
       8238.0529      0.14364334
       8245.7452      0.14747750
       8253.4447      0.15136343
       8261.1514      0.15529923
       8268.8652      0.15927855
       8276.5863      0.16329527
       8284.3146      0.16734268
       8292.0501      0.17141510
       8299.7928      0.17550255
       8307.8197      0.17974530
       8315.5772      0.18383828
       8323.3419      0.18792287
       8331.1138      0.19199108
       8338.8930      0.19603021
       8346.6795      0.20003565
       8354.4732      0.20399832
       8362.2743      0.20790703
       8370.3616      0.21189740
       8378.1774      0.21568157
       8386.0006      0.21939641
       8393.8310      0.22303314
       8401.6688      0.22658776
       8409.5139      0.23005448
       8417.3663      0.23343063
       8425.2260      0.23671486
       8433.0931      0.23990299
       8441.2489      0.24310443
       8449.1310      0.24609520
       8457.0204      0.24898928
       8464.9171      0.25178462
       8472.8213      0.25448721
       8480.7328      0.25709342
       8488.6517      0.25960768
       8496.5780      0.26203368
       8504.5117      0.26437316
       8512.7366      0.26671272
       8520.6854      0.26889186
       8528.6416      0.27099474
       8536.6053      0.27303006
       8544.5763      0.27500212
       8552.5549      0.27691174
       8560.5408      0.27876358
       8568.5343      0.28056490
       8576.8211      0.28238065
       8584.8297      0.28408795
       8592.8458      0.28575031
       8600.8694      0.28737690
       8608.9005      0.28896830
       8616.9391      0.29052253
       8624.9852      0.29204659
       8633.0388      0.29353478
       8641.0999      0.29499681
       8649.4569      0.29647032
       8657.5333      0.29786182
       8665.6173      0.29921382
       8673.7089      0.30052968
       8681.8080      0.30180489
       8689.9147      0.30303220
       8698.0289      0.30420836
       8706.1507      0.30533003
       8714.5706      0.30642379
       8722.7078      0.30741445
       8730.8527      0.30832564
       8739.0052      0.30915799
       8747.1652      0.30989728
       8755.3329      0.31054142
       8763.5083      0.31107891
       8771.6912      0.31150233
       8779.8818      0.31180165
       8788.3730      0.31197819
       8796.5792      0.31200370
       8804.7930      0.31188805
       8813.0145      0.31161632
       8821.2437      0.31118758
       8829.4806      0.31059429
       8837.7251      0.30983057
       8845.9774      0.30888955
       8854.2373      0.30777425
       8862.8004      0.30642761
       8871.0761      0.30493783
       8879.3595      0.30326870
       8887.6506      0.30141800
       8895.9495      0.29938912
       8904.2561      0.29718456
       8912.5705      0.29480710
       8920.8926      0.29226242
       8929.5202      0.28946392
       8937.8582      0.28660758
       8946.2039      0.28361365
       8954.5575      0.28049448
       8962.9188      0.27725852
       8971.2880      0.27391906
       8979.6649      0.27049264
       8988.0497      0.26699410
       8996.4423      0.26343778
       9005.1430      0.25972462
       9013.5516      0.25612262
       9021.9680      0.25251289
       9030.3923      0.24891136
       9038.8244      0.24533101
       9047.2645      0.24178940
       9055.7124      0.23829890
       9064.1682      0.23487527
       9072.9343      0.23141024
       9081.4062      0.22814966
       9089.8860      0.22498242
       9098.3737      0.22191372
       9106.8693      0.21894743
       9115.3729      0.21607579
       9123.8844      0.21330269
       9132.4039      0.21061694
       9140.9313      0.20800795
       9149.7716      0.20537432
       9158.3153      0.20287654
       9166.8669      0.20040385
       9175.4265      0.19792998
       9183.9941      0.19542656
       9192.5696      0.19286497
       9201.1532      0.19021159
       9209.7448      0.18743083
       9218.3445      0.18448964
       9227.2597      0.18123517
       9235.8757      0.17785689
       9244.4997      0.17421531
       9253.1318      0.17028592
       9261.7719      0.16604650
       9270.4201      0.16148794
       9279.0764      0.15660954
       9287.7408      0.15142496
       9296.7231      0.14576967
       9305.4040      0.14009043
       9314.0929      0.13427695
       9322.7900      0.12844328
       9331.4952      0.12274007
       9340.2085      0.11735965
       9348.9300      0.16084446
       9357.6596      0.15822504
       9366.3973      0.15794963
       9375.4557      0.16002351
       9384.2101     0.058359839
       9392.9726     0.061429257
       9401.7433     0.064230187
       9410.5222     0.066673320
       9419.3093     0.068728379
       9428.1047     0.070405702
       9436.9082     0.071743274
       9445.7199     0.072794832
       9454.8550     0.073652816
       9463.6836     0.074326800
       9472.5203     0.074910818
       9481.3653     0.075464610
       9490.2186     0.076035175
       9499.0801     0.076661210
       9507.9499     0.077370848
       9516.8280     0.078180724
       9526.0318     0.079132714
       9534.9268     0.080159679
       9543.8301     0.081282035
       9552.7417     0.082485998
       9561.6616     0.083748605
       9570.5898     0.085047343
       9579.5264     0.086355965
       9588.4713     0.087648919
       9597.4246     0.088900289
       9606.7064     0.090127890
       9615.6767     0.091226132
       9624.6554     0.092220634
       9633.6424     0.093099531
       9642.6379     0.093851508
       9651.6417     0.094473783
       9660.6540     0.094964946
       9669.6746     0.095330028
       9679.0263     0.095579679
       9688.0642     0.095708488
       9697.1104     0.095739860
       9706.1651     0.095687983
       9715.2283     0.095568120
       9724.2999     0.095394746
       9733.3800     0.095184892
       9742.4686     0.094951716
       9751.5657     0.094707033
       9760.9966     0.094450888
       9770.1109     0.094210374
       9779.2338     0.093977083
       9788.3652     0.093752584
       9797.5051     0.093533548
       9806.6536     0.093311740
       9815.8106     0.093075722
       9824.9761     0.092813805
       9834.1502     0.092506286
       9843.6610     0.092122000
       9852.8526     0.091665664
       9862.0527     0.091103489
       9871.2614     0.090416398
       9880.4787     0.089582488
       9889.7047     0.088585700
       9898.9392     0.087408600
       9908.1824     0.086041705
       9917.7648     0.084416487
       9927.0255     0.082645069
       9936.2949     0.080676618
       9945.5730     0.078522276
       9954.8597     0.076197552
       9964.1550     0.073725041
       9973.4591     0.071131906
       9982.7719     0.068450869
       9992.0933     0.065718598
       10001.757     0.062879016
       10011.096     0.060171616
       10020.444     0.057537306
       10029.801     0.055015669
       10039.166     0.052641754
       10048.540     0.050443983
       10057.923     0.048442743
       10067.314     0.046647536
       10076.715     0.045055577
       10086.460     0.043604077
       10095.879     0.042361588
       10105.306     0.041229398
       10114.741     0.040150737
       10124.186     0.039058758
       10133.640     0.037882339
       10143.102     0.036553204
       10152.573     0.035015419
       10162.392     0.033172738
       10171.881     0.031168176
       10181.379     0.029026475
