       3995.6628     0.021017979
       3999.3938     0.023364663
       4003.1282     0.025211560
       4006.8662     0.026770703
       4010.6076     0.028196221
       4014.4863     0.029645489
       4018.2349     0.031089254
       4021.9869     0.032616773
       4025.7425     0.034245176
       4029.5015     0.035976013
       4033.2641     0.037799616
       4037.0301     0.039699236
       4040.7997     0.041654932
       4044.7077     0.043715361
       4048.4844     0.045716591
       4052.2647     0.047709348
       4056.0485     0.049676224
       4059.8359     0.051603435
       4063.6268     0.053479805
       4067.4212     0.055298170
       4071.2191     0.057054148
       4075.0207     0.058745752
       4078.9617     0.060430316
       4082.7704     0.061995521
       4086.5827     0.063502961
       4090.3986     0.064957943
       4094.2180     0.066366005
       4098.0410     0.067731317
       4101.8676     0.069058214
       4105.6977     0.070351081
       4109.5314     0.071611468
       4113.5058     0.072883727
       4117.3468     0.074080620
       4121.1914     0.075244220
       4125.0396     0.076371005
       4128.8913     0.077457431
       4132.7467     0.078495795
       4136.6057     0.079482015
       4140.4682     0.080406367
       4144.4726     0.081289872
       4148.3425     0.082063745
       4152.2160     0.082751104
       4156.0932     0.083343797
       4159.9739     0.083834934
       4163.8583     0.084217120
       4167.7463     0.084484771
       4171.6380     0.084634174
       4175.5333     0.084663218
       4179.5715     0.084563102
       4183.4742     0.084342690
       4187.3805     0.084001697
       4191.2905     0.083544522
       4195.2041     0.082975990
       4199.1214     0.082301307
       4203.0423     0.091427720
       4206.9670     0.092145520
       4210.8952     0.092609839
       4214.9677     0.092930840
       4218.9034     0.093168316
       4222.8428     0.093394427
       4226.7859     0.093652259
       4230.7327     0.093972619
       4234.6831     0.094373539
       4238.6373     0.094863133
       4242.5951     0.095443173
       4246.6982     0.096130703
       4250.6636     0.096867971
       4254.6327     0.097660124
       4258.6054     0.098488075
       4262.5819     0.099331701
       4266.5621      0.10016839
       4270.5460      0.10097833
       4274.5337      0.10173977
       4278.5250      0.10243755
       4282.6629      0.10307912
       4286.6618      0.10361331
       4290.6645      0.10406788
       4294.6709      0.10445094
       4298.6811      0.10478837
       4302.6950      0.10511573
       4306.7127      0.10548432
       4310.7341      0.10596621
       4314.9031      0.10668021
       4318.9321      0.10769629
       4322.9649      0.10917125
       4327.0015      0.11127162
       4331.0419      0.11418948
       4335.0860     0.084286702
       4339.1339     0.086861110
       4343.1856     0.089416236
       4347.2410     0.091948271
       4351.4453     0.094544592
       4355.5085     0.097021207
       4359.5755     0.099463844
       4363.6462      0.10186629
       4367.7208      0.10422454
       4371.7992      0.10653152
       4375.8814      0.10877905
       4379.9674      0.11096274
       4384.0572      0.11307241
       4388.2971      0.11517318
       4392.3947      0.11711040
       4396.4961      0.11895050
       4400.6013      0.12068470
       4404.7104      0.12230595
       4408.8233      0.12380635
       4412.9401      0.12517761
       4417.0607      0.12641564
       4421.3325      0.12754824
       4425.4609      0.12849252
       4429.5932      0.12928630
       4433.7293      0.12992444
       4437.8694      0.13040344
       4442.0132      0.13072381
       4446.1610      0.13088267
       4450.3126      0.13347239
       4454.4681      0.13330551
       4458.7761      0.13321194
       4462.9395      0.13316265
       4467.1068      0.13312614
       4471.2779      0.13308192
       4475.4530      0.13301598
       4479.6320      0.13291844
       4483.8149      0.13278411
       4488.0016      0.13261019
       4492.3421      0.13238935
       4496.5368      0.13214142
       4500.7355      0.13186620
       4504.9380      0.13157516
       4509.1445      0.13127254
       4513.3550      0.13096419
       4517.5693      0.13066162
       4521.7876      0.13037282
       4526.0099      0.13010797
       4530.3870      0.12986723
       4534.6173      0.12967437
       4538.8515      0.12952776
       4543.0897      0.12943121
       4547.3318      0.12939089
       4551.5779      0.12940786
       4555.8279      0.12948385
       4560.0820      0.12961897
       4564.3400      0.12981170
       4568.7542      0.13007055
       4573.0203      0.13037248
       4577.2904      0.13072207
       4581.5644      0.13111451
       4585.8425      0.13154442
       4590.1245      0.13200693
       4594.4106      0.13249598
       4598.7006      0.13300776
       4603.1481      0.13355684
       4607.4463      0.13410429
       4611.7485      0.13466571
       4616.0548      0.13523886
       4620.3650      0.13582925
       4624.6793      0.13643949
       4628.9976      0.13707343
       4633.3200      0.13773862
       4637.6463      0.13844279
       4642.1315      0.13922279
       4646.4661      0.14003330
       4650.8047      0.14090966
       4655.1474      0.14185803
       4659.4942      0.14288106
       4663.8450      0.14397645
       4668.1999      0.14513301
       4672.5589      0.14632958
       4676.9219      0.14753136
       4681.4450      0.14872479
       4685.8163      0.14974724
       4690.1917      0.15053707
       4694.5712      0.15095392
       4698.9548      0.15081503
       4703.3424      0.14034479
       4707.7342      0.14256435
       4712.1301      0.14466390
       4716.6872      0.14670987
       4721.0915      0.14856212
       4725.4998      0.15029047
       4729.9123      0.15189807
       4734.3288      0.15338266
       4738.7495      0.15475051
       4743.1743      0.15599960
       4747.6033      0.15713449
       4752.0364      0.15815947
       4756.6322      0.15910788
       4761.0737      0.15992007
       4765.5194      0.16063404
       4769.9692      0.16125624
       4774.4232      0.16179054
       4778.8813      0.16224392
       4783.3436      0.16261923
       4787.8100      0.16292382
       4792.4404      0.16317299
       4796.9154      0.16335295
       4801.3945      0.16347995
       4805.8778      0.16356174
       4810.3653      0.16360044
       4814.8570      0.16360462
       4819.3529      0.16357858
       4823.8530      0.16352739
       4828.3573      0.16345823
       4833.0269      0.16337107
       4837.5397      0.16327610
       4842.0568      0.16317684
       4846.5781      0.16307691
       4851.1036      0.16297771
       4855.6333      0.16288428
       4860.1673      0.16280087
       4864.7055      0.16272819
       4869.2479      0.16267051
       4873.9571      0.16262704
       4878.5082      0.16260219
       4883.0635      0.16259658
       4887.6231      0.16261166
       4892.1869      0.16264456
       4896.7550      0.16270101
       4901.3273      0.16277532
       4905.9040      0.16287253
       4910.6486      0.16299258
       4915.2339      0.16312710
       4919.8235      0.16327963
       4924.4174      0.16344949
       4929.0156      0.16363386
       4933.6181      0.16383209
       4938.2249      0.16404277
       4942.8360      0.16426524
       4947.4513      0.16449591
       4952.2361      0.16474488
       4956.8603      0.16499137
       4961.4888      0.16524401
       4966.1216      0.16550428
       4970.7587      0.16576784
       4975.4002      0.16603907
       4980.0460      0.16631583
       4984.6961      0.16660033
       4989.3506      0.16689554
       4994.1759      0.16721244
       4998.8392      0.16753517
       5003.5069      0.16787448
       5008.1789      0.16823926
       5012.8553      0.16863589
       5017.5361      0.16907500
       5022.2212      0.16956433
       5026.9107      0.17011856
       5031.7724      0.17077089
       5036.4708      0.17149309
       5041.1736      0.17232270
       5045.8808      0.17327953
       5050.5924      0.17438630
       5055.3084      0.17566591
       5060.0289      0.14941864
       5064.7537      0.15238667
       5069.4829      0.15527512
       5074.3857      0.15817692
       5079.1239      0.16089003
       5083.8666      0.16350954
       5088.6136      0.16603452
       5093.3652      0.16845931
       5098.1211      0.17077914
       5102.8815      0.17348710
       5107.6463      0.17539552
       5112.5860      0.17734084
       5117.3599      0.17916406
       5122.1383      0.18091298
       5126.9211      0.18257147
       5131.7084      0.18412702
       5136.5001      0.18557102
       5141.2963      0.18689576
       5146.0970      0.18809769
       5150.9022      0.18917598
       5155.8838      0.19016304
       5160.6981      0.19099035
       5165.5169      0.19169910
       5170.3402      0.19229300
       5175.1680      0.19277775
       5180.0004      0.19315762
       5184.8372      0.19343962
       5189.6786      0.19363180
       5194.5245      0.19373902
       5199.5482      0.19377002
       5204.4033      0.19372913
       5209.2629      0.19362526
       5214.1271      0.19346615
       5218.9958      0.19325791
       5223.8690      0.19300913
       5228.7468      0.19272339
       5233.6292      0.19240929
       5238.6907      0.19205636
       5243.5824      0.19169778
       5248.4786      0.19132385
       5253.3794      0.19097759
       5258.2847      0.19064114
       5263.1947      0.19030445
       5268.1092      0.18996919
       5273.0283      0.18963951
       5277.9520      0.18931789
       5283.0564      0.18899565
       5287.9895      0.18869998
       5292.9272      0.18841885
       5297.8695      0.18815548
       5302.8164      0.18791146
       5307.7679      0.18769002
       5312.7240      0.18749024
       5317.6848      0.18731371
       5322.6502      0.18716529
       5327.7978      0.18703800
       5332.7727      0.18694563
       5337.7522      0.18688365
       5342.7363      0.18685207
       5347.7251      0.18685495
       5352.7186      0.18689230
       5357.7167      0.18696579
       5362.7195      0.18707710
       5367.9059      0.18723746
       5372.9182      0.18743288
       5377.9351      0.18767382
       5382.9568      0.18796294
       5387.9832      0.18829799
       5393.0142      0.18868584
       5398.0500      0.18912763
       5403.0904      0.18962375
       5408.1356      0.19017881
       5413.3659      0.19081725
       5418.4206      0.19149349
       5423.4801      0.19223375
       5428.5443      0.19303706
       5433.6132      0.19390588
       5438.6868      0.19483850
       5443.7652      0.19583494
       5448.8484      0.19689181
       5454.1181      0.19804969
       5459.2109      0.19922349
       5464.3084      0.20044913
       5469.4107      0.20171420
       5474.5178      0.20301666
       5479.6297      0.15503408
       5484.7463      0.15834433
       5489.8677      0.16159178
       5494.9939      0.16477335
       5500.3082      0.16799363
       5505.4441      0.17102838
       5510.5848      0.17398493
       5515.7304      0.17686049
       5520.8807      0.17964941
       5526.0358      0.18235090
       5531.1958      0.18496139
       5536.3606      0.18747416
       5541.5301      0.18989010
       5546.8895      0.19228362
       5552.0689      0.19448886
       5557.2532      0.19658554
       5562.4423      0.19856871
       5567.6362      0.20043981
       5572.8350      0.20219442
       5578.0387      0.20382825
       5583.2472      0.20534178
       5588.6468      0.20677626
       5593.8652      0.20803283
       5599.0885      0.20916105
       5604.3167      0.21015781
       5609.5498      0.21102211
       5614.7877      0.21175416
       5620.0305      0.21284084
       5625.2782      0.21342917
       5630.5309      0.21390542
       5635.9762      0.21428350
       5641.2389      0.21454671
       5646.5064      0.21472063
       5651.7788      0.21480600
       5657.0562      0.21481214
       5662.3385      0.21474095
       5667.6257      0.21460190
       5672.9179      0.21439794
       5678.4043      0.21412327
       5683.7065      0.21380239
       5689.0137      0.21343134
       5694.3258      0.21301605
       5699.6429      0.21256327
       5704.9650      0.21207141
       5710.2920      0.21155188
       5715.6240      0.21100583
       5720.9610      0.21043992
       5726.4938      0.20983459
       5731.8410      0.20923966
       5737.1931      0.20863909
       5742.5502      0.20803751
       5747.9123      0.20743674
       5753.2795      0.20680689
       5758.6516      0.20616710
       5764.0288      0.20554367
       5769.4110      0.20493737
       5774.9907      0.20433476
       5780.3831      0.20378292
       5785.7805      0.20325929
       5791.1830      0.20276811
       5796.5905      0.20231184
       5802.0031      0.20189111
       5807.4208      0.20150658
       5812.8435      0.20116073
       5818.4652      0.20084114
       5823.8982      0.20057029
       5829.3363      0.20033582
       5834.7794      0.20013408
       5840.2277      0.19996324
       5845.6810      0.19982143
       5851.1394      0.19970423
       5856.6030      0.19960721
       5862.0716      0.19952771
       5867.7409      0.19945707
       5873.2199      0.19939677
       5878.7041      0.19934081
       5884.1933      0.19928219
       5889.6877      0.19921915
       5895.1872      0.19914733
       5900.6919      0.19906586
       5906.2017      0.19897739
       5911.7166      0.19888103
       5917.4339      0.19877779
       5922.9593      0.19868403
       5928.4899      0.19860683
       5934.0257      0.19856012
       5939.5666      0.19856743
       5945.1127      0.19865756
       5950.6640      0.19886117
       5956.2204      0.19922412
       5961.9808      0.19982195
       5967.5478      0.20068299
       5973.1200      0.20189411
       5978.6974      0.14411706
       5984.2801      0.14731537
       5989.8679      0.15046761
       5995.4610      0.15357322
       6001.0592      0.15663637
       6006.6627      0.15968531
       6012.4719      0.16278257
       6018.0861      0.16571297
       6023.7055      0.16857912
       6029.3301      0.17137739
       6034.9600      0.17410889
       6040.5952      0.17676510
       6046.2356      0.17934604
       6051.8813      0.18184800
       6057.7342      0.18435539
       6063.3906      0.18669013
       6069.0523      0.18893991
       6074.7193      0.19110008
       6080.3916      0.19317040
       6086.0692      0.19514913
       6091.7521      0.19703385
       6097.4403      0.19882150
       6103.1338      0.20051349
       6109.0363      0.20216091
       6114.7406      0.20365132
       6120.4502      0.20504104
       6126.1652      0.20632785
       6131.8856      0.20751332
       6137.6112      0.20859566
       6143.3422      0.20957408
       6149.0786      0.21044893
       6154.8203      0.21121887
       6160.7728      0.21190653
       6166.5254      0.21246427
       6172.2834      0.21291686
       6178.0468      0.21326736
       6183.8156      0.21351150
       6189.5898      0.21365361
       6195.3693      0.21369069
       6201.1542      0.21362549
       6207.1515      0.21345303
       6212.9474      0.21318274
       6218.7488      0.21280999
       6224.5556      0.21233901
       6230.3678      0.21176951
       6236.1854      0.21110235
       6242.0085      0.21424107
       6247.8370      0.21407882
       6253.6709      0.21384064
       6259.7189      0.21352823
       6265.5640      0.21317544
       6271.4145      0.21278307
       6277.2704      0.21235878
       6283.1318      0.21191112
       6288.9987      0.21144398
       6294.8711      0.21096397
       6300.7490      0.21047488
       6306.6323      0.20998325
       6312.7316      0.20947214
       6318.6261      0.20897917
       6324.5261      0.20849102
       6330.4317      0.20800767
       6336.3428      0.20753181
       6342.2593      0.20706524
       6348.1814      0.20660878
       6354.1091      0.20616601
       6360.2542      0.20571929
       6366.1932      0.20530458
       6372.1376      0.20490779
       6378.0876      0.20452793
       6384.0432      0.20416850
       6390.0043      0.20383031
       6395.9710      0.20351501
       6401.9432      0.20322518
       6407.9211      0.20296163
       6414.1183      0.20271941
       6420.1075      0.20251697
       6426.1023      0.20234584
       6432.1027      0.20220860
       6438.1087      0.20210607
       6444.1203      0.20204085
       6450.1375      0.20201113
       6456.1603      0.20201868
       6462.4042      0.20206403
       6468.4385      0.20214348
       6474.4784      0.20225494
       6480.5240      0.20239668
       6486.5752      0.20256431
       6492.6321      0.20274989
       6498.6946      0.20294635
       6504.7628      0.20311648
       6510.8366      0.20326875
       6517.1334      0.20339896
       6523.2188      0.20348077
       6529.3098      0.20349821
       6535.4066      0.20342536
       6541.5091      0.20323377
       6547.6172      0.20289167
       6553.7311      0.20235629
       6559.8506      0.20158488
       6565.9759      0.20052732
       6572.3260      0.12803011
       6578.4629      0.13123769
       6584.6056      0.13443169
       6590.7540      0.13761031
       6596.9081      0.14076820
       6603.0680      0.14390370
       6609.2336      0.14701150
       6615.4050      0.15008881
       6621.8029      0.15324075
       6627.9860      0.15624584
       6634.1750      0.15920980
       6640.3696      0.16212883
       6646.5701      0.16500204
       6652.7764      0.16782442
       6658.9884      0.17059161
       6665.2063      0.17330389
       6671.4299      0.17595647
       6677.8820      0.17863644
       6684.1175      0.18115882
       6690.3588      0.18361435
       6696.6059      0.18599855
       6702.8589      0.18831273
       6709.1177      0.19055189
       6715.3824      0.19271435
       6721.6529      0.19479863
       6727.9293      0.19680514
       6734.4360      0.19879927
       6740.7243      0.20063887
       6747.0184      0.20239852
       6753.3185      0.20407228
       6759.6244      0.20566318
       6765.9363      0.20717088
       6772.2540      0.20859249
       6778.5776      0.20992974
       6785.1333      0.21122376
       6791.4689      0.21238838
       6797.8105      0.21346842
       6804.1579      0.21446538
       6810.5113      0.21537801
       6816.8707      0.21620901
       6823.2360      0.21695743
       6829.6072      0.21762617
       6835.9844      0.21821451
       6842.5956      0.21874019
       6848.9849      0.21916971
       6855.3801      0.21952288
       6861.7813      0.21979839
       6868.1886      0.21999882
       6874.6018      0.22012689
       6881.0209      0.22018439
       6887.4461      0.22016643
       6894.1071      0.22007608
       6900.5445      0.21991702
       6906.9879      0.21968757
       6913.4373      0.21939087
       6919.8928      0.21902720
       6926.3542      0.21859304
       6932.8217      0.21809168
       6939.2953      0.21752552
       6945.7749      0.21688837
       6952.4923      0.21616013
       6958.9842      0.21538593
       6965.4821      0.21454379
       6971.9862      0.21363451
       6978.4963      0.21265340
       6985.0125      0.21160333
       6991.5348      0.21048259
       6998.0631      0.20928868
       7004.5976      0.20800984
       7011.3719      0.20660202
       7017.9188      0.22106484
       7024.4718      0.22084668
       7031.0309      0.22064710
       7037.5961      0.22045347
       7044.1675      0.22025606
       7050.7450      0.22004815
       7057.3287      0.21982108
       7064.1540      0.21956175
       7070.7501      0.21928305
       7077.3525      0.21897388
       7083.9610      0.21863051
       7090.5757      0.21825791
       7097.1965      0.21785335
       7103.8235      0.21741607
       7110.4568      0.21695294
       7117.0962      0.21646411
       7123.9792      0.21593210
       7130.6313      0.21540383
       7137.2895      0.21485886
       7143.9540      0.21430864
       7150.6247      0.21375601
       7157.3016      0.21320850
       7163.9848      0.21267261
       7170.6742      0.21215198
       7177.6090      0.21164128
       7184.3112      0.21117871
       7191.0195      0.21075783
       7197.7342      0.21037930
       7204.4551      0.21005398
       7211.1823      0.20978437
       7217.9157      0.20957763
       7224.6555      0.20943267
       7231.4015      0.20935670
       7238.3951      0.20934444
       7245.1540      0.20939709
       7251.9192      0.20950952
       7258.6907      0.20966889
       7265.4685      0.20986430
       7272.2527      0.21007550
       7279.0432      0.21028039
       7285.8400      0.21045215
       7292.6432      0.21055002
       7299.6960      0.11268630
       7306.5122      0.11558634
       7313.3346      0.11848447
       7320.1635      0.12137525
       7326.9987      0.12425792
       7333.8403      0.12712803
       7340.6883      0.12998331
       7347.5427      0.13282100
       7354.6487      0.13573747
       7361.5161      0.13853087
       7368.3899      0.14129666
       7375.2702      0.14403411
       7382.1569      0.14674075
       7389.0500      0.14941223
       7395.9495      0.15204948
       7402.8555      0.15464628
       7409.7680      0.15720451
       7416.9341      0.15980872
       7423.8597      0.16227829
       7430.7917      0.16470203
       7437.7302      0.16707752
       7444.6753      0.16940463
       7451.6267      0.17167887
       7458.5847      0.17390264
       7465.5492      0.17607317
       7472.5202      0.17818856
       7479.7470      0.18032081
       7486.7312      0.18232369
       7493.7220      0.18426703
       7500.7193      0.18615254
       7507.7231      0.18797965
       7514.7335      0.18974548
       7521.7504      0.19145299
       7528.7738      0.19309862
       7536.0550      0.19473718
       7543.0919      0.19625745
       7550.1352      0.19771659
       7557.1852      0.19910954
       7564.2418      0.20044184
       7571.3049      0.20170943
       7578.3746      0.20291281
       7585.4510      0.20405338
       7592.5339      0.20512643
       7599.8768      0.20617086
       7606.9732      0.20711298
       7614.0762      0.20798901
       7621.1859      0.20879713
       7628.3022      0.20954115
       7635.4252      0.21021852
       7642.5548      0.21082671
       7649.6910      0.21136976
       7657.0892      0.21185942
       7664.2390      0.21226326
       7671.3955      0.21260057
       7678.5587      0.21286823
       7685.7286      0.21306692
       7692.9052      0.21319737
       7700.0884      0.21325851
       7707.2784      0.21325030
       7714.4751      0.21317181
       7721.9359      0.21301953
       7729.1463      0.21280077
       7736.3634      0.21251310
       7743.5873      0.21215679
       7750.8179      0.21173034
       7758.0552      0.21123788
       7765.2993      0.21067711
       7772.5502      0.21004579
       7779.8079      0.20935102
       7787.3318      0.20855877
       7794.6033      0.20773009
       7801.8815      0.20683650
       7809.1666      0.20587797
       7816.4584      0.20485813
       7823.7570      0.20377705
       7831.0625      0.20263663
       7838.3748      0.20143707
       7845.9554      0.20013654
       7853.2816      0.19882326
       7860.6146      0.19745697
       7867.9545      0.19604146
       7875.3012      0.19457364
       7882.6548      0.19306078
       7890.0153      0.19150077
       7897.3826      0.18989824
       7904.7568      0.18825368
       7912.4016      0.18650950
       7919.7899      0.18478703
       7927.1850      0.18302976
       7934.5870      0.18123897
       7941.9960      0.17941761
       7949.4119      0.17756379
       7956.8346      0.17568432
       7964.2644      0.17377662
       7971.7010      0.17184427
       7979.4106      0.16981558
       7986.8614      0.16783504
       7994.3192      0.16583092
       8001.7839      0.16380720
       8009.2556      0.16177242
       8016.7342      0.19423869
       8024.2199      0.19354709
       8031.7125      0.19295365
       8039.4802      0.19240669
       8046.9870      0.19192283
       8054.5009      0.19145697
       8062.0219      0.19099558
       8069.5498      0.19052352
       8077.0848      0.19003007
       8084.6268      0.18950790
       8092.1758      0.18895062
       8099.7319      0.18835190
       8107.5653      0.18768572
       8115.1358      0.18699729
       8122.7133      0.18626390
       8130.2979      0.18548692
       8137.8896      0.18466935
       8145.4884      0.18381496
       8153.0943      0.18292993
       8160.7073      0.18202118
       8168.5996      0.18106509
       8176.2271      0.18014020
       8183.8617      0.17922708
       8191.5034      0.17834674
       8199.1522      0.17751514
       8206.8082     0.079486804
       8214.4713     0.081491975
       8222.1416     0.083522405
       8229.8191     0.085575968
       8237.7783     0.087729263
       8245.4703     0.089831361
       8253.1696     0.091955137
       8260.8760     0.094096871
       8268.5896     0.096256330
       8276.3104     0.098429866
       8284.0385      0.10061402
       8291.7737      0.10280733
       8299.5162      0.10500554
       8307.5428      0.10728410
       8315.3000      0.10948226
       8323.0644      0.11167540
       8330.8361      0.11385992
       8338.6151      0.11603109
       8346.4013      0.11818704
       8354.1948      0.12032330
       8361.9955      0.12243522
       8370.0826      0.12459668
       8377.8982      0.12665166
       8385.7210      0.12867607
       8393.5512      0.13066508
       8401.3887      0.13261605
       8409.2336      0.13452758
       8417.0857      0.13639533
       8424.9452      0.13822098
       8432.8120      0.13999908
       8440.9675      0.14179308
       8448.8493      0.14347460
       8456.7385      0.14510719
       8464.6350      0.14669002
       8472.5389      0.14822237
       8480.4501      0.14970493
       8488.3688      0.15113590
       8496.2948      0.15251620
       8504.2283      0.15384690
       8512.4528      0.15517203
       8520.4014      0.15640008
       8528.3573      0.15757968
       8536.3207      0.15871099
       8544.2915      0.15979493
       8552.2698      0.16083255
       8560.2555      0.16182284
       8568.2487      0.16276916
       8576.5352      0.16370142
       8584.5435      0.16455673
       8592.5594      0.16536997
       8600.5827      0.16614049
       8608.6135      0.16686914
       8616.6519      0.16755605
       8624.6977      0.16820141
       8632.7510      0.16880475
       8640.8119      0.16936632
       8649.1686      0.16990495
       8657.2448      0.17038104
       8665.3285      0.17081416
       8673.4198      0.17120549
       8681.5186      0.17155095
       8689.6250      0.17185178
       8697.7390      0.17210549
       8705.8605      0.17231184
       8714.2801      0.17247279
       8722.4171      0.17257566
       8730.5617      0.17262697
       8738.7139      0.17262445
       8746.8737      0.17256502
       8755.0411      0.17244575
       8763.2162      0.17226901
       8771.3988      0.17202970
       8779.5892      0.17172657
       8788.0801      0.17134472
       8796.2860      0.17090830
       8804.4995      0.17040260
       8812.7207      0.16982750
       8820.9497      0.16918294
       8829.1862      0.16846607
       8837.4305      0.16767706
       8845.6825      0.16681476
       8853.9422      0.16588181
       8862.5050      0.16483871
       8870.7804      0.16375701
       8879.0635      0.16260522
       8887.3544      0.16138565
       8895.6530      0.16009781
       8903.9593      0.15874283
       8912.2734      0.15732464
       8920.5953      0.15584787
       8929.2225      0.15425667
       8937.5602      0.15266644
       8945.9057      0.15102688
       8954.2590      0.14934194
       8962.6201      0.14761609
       8970.9889      0.14585570
       8979.3656      0.14406311
       8987.7501      0.14224505
       8996.1425      0.14040610
       9004.8428      0.13849526
       9013.2511      0.13664785
       9021.6673      0.13479428
       9030.0913      0.13294013
       9038.5232      0.13109306
       9046.9629      0.12925290
       9055.4105      0.12742682
       9063.8661      0.12561713
       9072.6319      0.12376280
       9081.1035      0.12199440
       9089.5830      0.12024915
       9098.0704      0.11852729
       9106.5658      0.11682751
       9115.0691      0.11514956
       9123.5803      0.11348922
       9132.0995      0.11184397
       9140.6266      0.11020901
       9149.4667      0.10852003
       9158.0100      0.10688481
       9166.5613      0.10523815
       9175.1206      0.10356908
       9183.6879      0.10186874
       9192.2632      0.10012415
       9200.8465     0.098324336
       9209.4379     0.096457251
       9218.0372     0.094510159
       9226.9521     0.092397461
       9235.5678     0.090250831
       9244.1916     0.087990838
       9252.8234     0.085608644
       9261.4632     0.083098025
       9270.1111     0.080456879
       9278.7671     0.077687501
       9287.4312     0.074796316
       9296.4133     0.071687585
       9305.0938     0.068599321
       9313.7825     0.065456384
       9322.4793     0.062300461
       9331.1842     0.059187156
       9339.8972     0.056186223
       9348.6183     0.077588897
       9357.3476     0.077432403
       9366.0851     0.077295906
       9375.1432     0.077385524
       9383.8973     0.031250263
       9392.6595     0.032163859
       9401.4299     0.032838590
       9410.2086     0.033319175
       9418.9954     0.033647559
       9427.7904     0.033862675
       9436.5936     0.033999186
       9445.4051     0.034088150
       9454.5399     0.034157328
       9463.3681     0.034224746
       9472.2046     0.034310673
       9481.0493     0.034427644
       9489.9022     0.034585390
       9498.7634     0.034789812
       9507.6330     0.035043887
       9516.5107     0.035347441
       9525.7143     0.035711852
       9534.6090     0.036108138
       9543.5120     0.036542185
       9552.4233     0.037007764
       9561.3429     0.037497053
       9570.2708     0.038003320
       9579.2071     0.038517942
       9588.1517     0.039033700
       9597.1047     0.039542808
       9606.3862     0.040056723
       9615.3562     0.040532675
       9624.3345     0.040984570
       9633.3213     0.041406569
       9642.3165     0.041795444
       9651.3200     0.042148336
       9660.3319     0.042462969
       9669.3523     0.042737882
       9678.7037     0.042979741
       9687.7412     0.043171632
       9696.7872     0.043322877
       9705.8416     0.043434186
       9714.9045     0.043505251
       9723.9758     0.043538742
       9733.0556     0.043533810
       9742.1439     0.043492371
       9751.2406     0.043414534
       9760.6712     0.043296044
       9769.7853     0.043145720
       9778.9079     0.042959677
       9788.0389     0.042737438
       9797.1786     0.042478459
       9806.3267     0.042181564
       9815.4834     0.041845920
       9824.6486     0.041469389
       9833.8224     0.041051328
       9843.3329     0.040572127
       9852.5241     0.040064091
       9861.7240     0.039509976
       9870.9324     0.038909139
       9880.1494     0.038261269
       9889.3750     0.037566230
       9898.6093     0.036825380
       9907.8521     0.036040048
       9917.4342     0.035182124
       9926.6946     0.034315134
       9935.9637     0.033412960
       9945.2414     0.032481820
       9954.5278     0.031526878
       9963.8229     0.030554752
       9973.1267     0.029572698
       9982.4391     0.028587528
       9991.7603     0.027607639
       10001.423     0.026606334
       10010.762     0.025660581
       10020.110     0.024741270
       10029.466     0.023853323
       10038.831     0.023001080
       10048.205     0.022187080
       10057.588     0.021411569
       10066.979     0.020673148
       10076.379     0.019967819
       10086.124     0.019265142
       10095.542     0.018605071
       10104.969     0.017952235
       10114.404     0.017294787
       10123.849     0.016620561
       10133.302     0.015917995
       10142.764     0.015177986
       10152.235     0.014396307
       10162.053     0.013546534
       10171.542     0.012702600
       10181.040     0.011866338
