       3995.5296      16.0440
       3999.2605      16.0987
       4002.9948      16.1561
       4006.7326      16.2153
       4010.4739      16.2752
       4014.3525      16.3373
       4018.1009      16.3965
       4021.8528      16.4545
       4025.6083      16.5108
       4029.3672      16.5652
       4033.1296      16.6175
       4036.8956      16.6675
       4040.6650      16.7152
       4044.5728      16.7623
       4048.3495      16.8056
       4052.1296      16.8468
       4055.9133      16.8860
       4059.7005      16.9234
       4063.4913      16.9590
       4067.2856      16.9930
       4071.0834      17.0256
       4074.8848      17.0567
       4078.8257      17.0877
       4082.6343      17.1163
       4086.4465      17.1438
       4090.2622      17.1702
       4094.0815      17.1956
       4097.9044      17.2200
       4101.7308      17.2433
       4105.5608      17.2658
       4109.5314      17.2879
       4113.3687      17.3083
       4117.2096      17.3277
       4121.0540      17.3460
       4124.9021      17.3632
       4128.7537      17.3792
       4132.6090      17.3942
       4136.4678      17.4079
       4140.3302      17.4203
       4144.3344      17.4318
       4148.2042      17.4416
       4152.0776      17.4501
       4155.9546      17.4572
       4159.8353      17.4628
       4163.7195      17.4671
       4167.6074      17.4700
       4171.4989      17.4714
       4175.3941      17.4714
       4179.4322      17.4700
       4183.3347      17.4672
       4187.2409      17.4630
       4191.1508      17.4575
       4195.0643      17.4507
       4198.9814      17.4426
       4202.9023      17.5481
       4206.8267      17.5836
       4210.8952      17.6008
       4214.8272      17.6059
       4218.7628      17.6044
       4222.7021      17.5998
       4226.6450      17.5946
       4230.5917      17.5907
       4234.5420      17.5891
       4238.4960      17.5904
       4242.4537      17.5947
       4246.5567      17.6023
       4250.5219      17.6122
       4254.4908      17.6239
       4258.4635      17.6368
       4262.4398      17.6503
       4266.4199      17.6637
       4270.4037      17.6763
       4274.3912      17.6878
       4278.5250      17.6979
       4282.5201      17.7059
       4286.5189      17.7118
       4290.5215      17.7157
       4294.5278      17.7178
       4298.5378      17.7183
       4302.5516      17.7177
       4306.5691      17.7169
       4310.5904      17.7168
       4314.7592      17.7188
       4318.7882      17.7243
       4322.8208      17.7353
       4326.8573      17.7538
       4330.8975      17.7822
       4334.9415      17.4658
       4338.9893      17.4927
       4343.0408      17.5196
       4347.2410      17.5474
       4351.3003      17.5743
       4355.3633      17.6014
       4359.4302      17.6286
       4363.5008      17.6559
       4367.5752      17.6832
       4371.6535      17.7104
       4375.7355      17.7373
       4379.8214      17.7638
       4384.0572      17.7906
       4388.1508      17.8158
       4392.2483      17.8399
       4396.3495      17.8630
       4400.4546      17.8847
       4404.5636      17.9050
       4408.6764      17.9237
       4412.7930      17.9407
       4417.0607      17.9563
       4421.1851      17.9693
       4425.3134      17.9803
       4429.4456      17.9891
       4433.5816      17.9957
       4437.7214      18.0001
       4441.8652      18.0022
       4446.0128      18.0020
       4450.1643      18.0205
       4454.4681      18.0167
       4458.6275      18.0125
       4462.7907      18.0075
       4466.9579      18.0018
       4471.1289      17.9953
       4475.3038      17.9881
       4479.4827      17.9802
       4483.6654      17.9719
       4488.0016      17.9629
       4492.1923      17.9542
       4496.3869      17.9457
       4500.5854      17.9375
       4504.7879      17.9301
       4508.9942      17.9235
       4513.2045      17.9182
       4517.4187      17.9142
       4521.6369      17.9118
       4526.0099      17.9111
       4530.2360      17.9122
       4534.4662      17.9152
       4538.7002      17.9200
       4542.9383      17.9265
       4547.1802      17.9346
       4551.4262      17.9441
       4555.6761      17.9548
       4559.9300      17.9663
       4564.3400      17.9789
       4568.6019      17.9913
       4572.8679      18.0037
       4577.1378      18.0157
       4581.4117      18.0270
       4585.6896      18.0374
       4589.9715      18.0466
       4594.2574      18.0544
       4598.7006      18.0609
       4602.9947      18.0655
       4607.2927      18.0685
       4611.5948      18.0699
       4615.9009      18.0698
       4620.2110      18.0684
       4624.5252      18.0661
       4628.8433      18.0631
       4633.1655      18.0601
       4637.6463      18.0573
       4641.9768      18.0557
       4646.3112      18.0556
       4650.6497      18.0576
       4654.9923      18.0620
       4659.3389      18.0691
       4663.6896      18.0787
       4668.0443      18.0902
       4672.5589      18.1030
       4676.9219      18.1146
       4681.2890      18.1228
       4685.6601      18.1241
       4690.0354      18.1135
       4694.4147      18.0840
       4698.7981      18.0245
       4703.1857      18.0461
       4707.5773      18.0612
       4712.1301      18.0757
       4716.5300      18.0888
       4720.9341      18.1009
       4725.3423      18.1122
       4729.7546      18.1228
       4734.1710      18.1326
       4738.5916      18.1416
       4743.0162      18.1500
       4747.6033      18.1580
       4752.0364      18.1652
       4756.4736      18.1717
       4760.9150      18.1776
       4765.3605      18.1831
       4769.8102      18.1880
       4774.2640      18.1924
       4778.7220      18.1964
       4783.1841      18.1999
       4787.8100      18.2031
       4792.2807      18.2057
       4796.7555      18.2080
       4801.2345      18.2100
       4805.7176      18.2115
       4810.2050      18.2128
       4814.6965      18.2138
       4819.1923      18.2145
       4823.8530      18.2150
       4828.3573      18.2152
       4832.8658      18.2152
       4837.3785      18.2150
       4841.8954      18.2146
       4846.4166      18.2141
       4850.9419      18.2135
       4855.4715      18.2128
       4860.0053      18.2120
       4864.7055      18.2111
       4869.2479      18.2102
       4873.7946      18.2093
       4878.3455      18.2084
       4882.9007      18.2076
       4887.4601      18.2068
       4892.0238      18.2061
       4896.5918      18.2056
       4901.3273      18.2051
       4905.9040      18.2049
       4910.4849      18.2048
       4915.0701      18.2049
       4919.6595      18.2053
       4924.2533      18.2059
       4928.8513      18.2068
       4933.4536      18.2079
       4938.0603      18.2094
       4942.8360      18.2112
       4947.4513      18.2133
       4952.0710      18.2157
       4956.6951      18.2184
       4961.3234      18.2215
       4965.9560      18.2248
       4970.5930      18.2285
       4975.2343      18.2324
       4979.8800      18.2366
       4984.6961      18.2412
       4989.3506      18.2458
       4994.0094      18.2506
       4998.6726      18.2556
       5003.3401      18.2606
       5008.0120      18.2657
       5012.6882      18.2708
       5017.3688      18.2758
       5022.2212      18.2808
       5026.9107      18.2856
       5031.6046      18.2900
       5036.3029      18.2942
       5041.0056      18.2981
       5045.7126      18.3016
       5050.4241      18.3047
       5055.1399      18.3074
       5059.8602      18.3097
       5064.7537      18.1375
       5069.4829      18.1576
       5074.2166      18.1768
       5078.9546      18.1949
       5083.6971      18.2122
       5088.4440      18.2285
       5093.1954      18.2439
       5097.9512      18.2584
       5102.8815      18.2746
       5107.6463      18.2863
       5112.4156      18.2976
       5117.1893      18.3085
       5121.9675      18.3188
       5126.7502      18.3285
       5131.5373      18.3375
       5136.3289      18.3458
       5141.1250      18.3533
       5146.0970      18.3603
       5150.9022      18.3663
       5155.7119      18.3716
       5160.5261      18.3761
       5165.3447      18.3801
       5170.1679      18.3833
       5174.9955      18.3860
       5179.8277      18.3882
       5184.8372      18.3899
       5189.6786      18.3910
       5194.5245      18.3918
       5199.3749      18.3921
       5204.2298      18.3921
       5209.0893      18.3918
       5213.9533      18.3913
       5218.8218      18.3905
       5223.6949      18.3895
       5228.7468      18.3884
       5233.6292      18.3871
       5238.5161      18.3858
       5243.4076      18.3844
       5248.3036      18.3829
       5253.2043      18.3814
       5258.1095      18.3800
       5263.0192      18.3785
       5268.1092      18.3770
       5273.0283      18.3756
       5277.9520      18.3743
       5282.8803      18.3730
       5287.8132      18.3718
       5292.7507      18.3707
       5297.6929      18.3697
       5302.6396      18.3688
       5307.5910      18.3680
       5312.7240      18.3673
       5317.6848      18.3667
       5322.6502      18.3663
       5327.6202      18.3661
       5332.5949      18.3660
       5337.5743      18.3661
       5342.5582      18.3663
       5347.5469      18.3668
       5352.7186      18.3675
       5357.7167      18.3684
       5362.7195      18.3696
       5367.7269      18.3711
       5372.7391      18.3728
       5377.7559      18.3748
       5382.7774      18.3772
       5387.8036      18.3798
       5392.8345      18.3828
       5398.0500      18.3863
       5403.0904      18.3900
       5408.1356      18.3940
       5413.1854      18.3983
       5418.2400      18.4030
       5423.2993      18.4078
       5428.3633      18.4129
       5433.4321      18.4180
       5438.5056      18.4232
       5443.7652      18.4285
       5448.8484      18.4334
       5453.9363      18.4378
       5459.0289      18.4416
       5464.1263      18.4445
       5469.2284      18.4463
       5474.3353      18.4465
       5479.4470      18.1567
       5484.7463      18.1802
       5489.8677      18.2020
       5494.9939      18.2229
       5500.1248      18.2430
       5505.2606      18.2622
       5510.4011      18.2806
       5515.5465      18.2983
       5520.6967      18.3151
       5525.8516      18.3311
       5531.1958      18.3469
       5536.3606      18.3614
       5541.5301      18.3751
       5546.7046      18.3881
       5551.8838      18.4003
       5557.0679      18.4118
       5562.2568      18.4226
       5567.4506      18.4327
       5572.8350      18.4424
       5578.0387      18.4510
       5583.2472      18.4590
       5588.4605      18.4662
       5593.6788      18.4727
       5598.9019      18.4785
       5604.1299      18.4836
       5609.3628      18.4881
       5614.6005      18.4918
       5620.0305      18.4818
       5625.2782      18.5010
       5630.5309      18.5123
       5635.7884      18.5178
       5641.0508      18.5191
       5646.3182      18.5174
       5651.5904      18.5139
       5656.8676      18.5093
       5662.3385      18.5041
       5667.6257      18.4990
       5672.9179      18.4944
       5678.2150      18.4903
       5683.5170      18.4870
       5688.8240      18.4846
       5694.1360      18.4830
       5699.4529      18.4822
       5704.7748      18.4821
       5710.2920      18.4827
       5715.6240      18.4836
       5720.9610      18.4850
       5726.3029      18.4864
       5731.6499      18.4880
       5737.0019      18.4894
       5742.3588      18.4906
       5747.7207      18.4914
       5753.2795      18.4919
       5758.6516      18.4918
       5764.0288      18.4912
       5769.4110      18.4899
       5774.7982      18.4881
       5780.1904      18.4856
       5785.5877      18.4825
       5790.9900      18.4789
       5796.3973      18.4746
       5802.0031      18.4697
       5807.4208      18.4645
       5812.8435      18.4589
       5818.2712      18.4530
       5823.7041      18.4469
       5829.1420      18.4407
       5834.5849      18.4344
       5840.0330      18.4282
       5845.6810      18.4219
       5851.1394      18.4160
       5856.6030      18.4105
       5862.0716      18.4053
       5867.5453      18.4006
       5873.0242      18.3964
       5878.5081      18.3927
       5883.9972      18.3896
       5889.4914      18.3872
       5895.1872      18.3854
       5900.6919      18.3844
       5906.2017      18.3840
       5911.7166      18.3844
       5917.2367      18.3855
       5922.7619      18.3873
       5928.2923      18.3899
       5933.8279      18.3933
       5939.3686      18.3975
       5945.1127      18.4029
       5950.6640      18.4091
       5956.2204      18.4165
       5961.7820      18.4252
       5967.3489      18.4355
       5972.9209      18.4476
       5978.4981      18.0988
       5984.0806      18.1321
       5989.8679      18.1651
       5995.4610      18.1954
       6001.0592      18.2242
       6006.6627      18.2513
       6012.2715      18.2769
       6017.8855      18.3009
       6023.5047      18.3232
       6029.1292      18.3439
       6034.7589      18.3629
       6040.5952      18.3809
       6046.2356      18.3966
       6051.8813      18.4107
       6057.5323      18.4232
       6063.1885      18.4342
       6068.8500      18.4437
       6074.5169      18.4517
       6080.1890      18.4583
       6086.0692      18.4637
       6091.7521      18.4677
       6097.4403      18.4704
       6103.1338      18.4720
       6108.8326      18.4725
       6114.5368      18.4721
       6120.2462      18.4708
       6125.9610      18.4688
       6131.6812      18.4661
       6137.6112      18.4628
       6143.3422      18.4591
       6149.0786      18.4552
       6154.8203      18.4510
       6160.5674      18.4469
       6166.3199      18.4428
       6172.0777      18.4389
       6177.8409      18.4353
       6183.8156      18.4320
       6189.5898      18.4294
       6195.3693      18.4273
       6201.1542      18.4259
       6206.9446      18.4253
       6212.7404      18.4254
       6218.5415      18.4263
       6224.3481      18.4280
       6230.1601      18.4305
       6236.1854      18.4338
       6242.0085      18.4588
       6247.8370      18.4671
       6253.6709      18.4758
       6259.5103      18.4848
       6265.3551      18.4941
       6271.2054      18.5035
       6277.0612      18.5131
       6283.1318      18.5230
       6288.9987      18.5323
       6294.8711      18.5413
       6300.7490      18.5497
       6306.6323      18.5575
       6312.5212      18.5643
       6318.4155      18.5702
       6324.3153      18.5748
       6330.2207      18.5780
       6336.3428      18.5798
       6342.2593      18.5798
       6348.1814      18.5780
       6354.1091      18.5742
       6360.0422      18.5685
       6365.9810      18.5607
       6371.9252      18.5508
       6377.8750      18.5387
       6384.0432      18.5241
       6390.0043      18.5078
       6395.9710      18.4897
       6401.9432      18.4698
       6407.9211      18.4485
       6413.9045      18.4260
       6419.8935      18.4028
       6425.8881      18.3793
       6431.8883      18.3561
       6438.1087      18.3333
       6444.1203      18.3130
       6450.1375      18.2953
       6456.1603      18.2811
       6462.1888      18.2712
       6468.2229      18.2663
       6474.2626      18.2669
       6480.3080      18.2734
       6486.3590      18.2859
       6492.6321      18.3048
       6498.6946      18.3280
       6504.7628      18.3551
       6510.8366      18.3846
       6516.9161      18.4145
       6523.0013      18.4427
       6529.0922      18.4665
       6535.1888      18.4825
       6541.5091      18.4865
       6547.6172      18.4729
       6553.7311      18.4342
       6559.8506      18.3587
       6565.9759      18.2261
       6572.1069      17.9340
       6578.2437      17.9612
       6584.3861      17.9876
       6590.5343      18.0134
       6596.9081      18.0393
       6603.0680      18.0636
       6609.2336      18.0872
       6615.4050      18.1102
       6621.5822      18.1324
       6627.7651      18.1540
       6633.9538      18.1749
       6640.1483      18.1951
       6646.5701      18.2154
       6652.7764      18.2343
       6658.9884      18.2525
       6665.2063      18.2701
       6671.4299      18.2871
       6677.6594      18.3034
       6683.8947      18.3191
       6690.1358      18.3341
       6696.3827      18.3486
       6702.8589      18.3629
       6709.1177      18.3761
       6715.3824      18.3888
       6721.6529      18.4008
       6727.9293      18.4123
       6734.2115      18.4231
       6740.4996      18.4335
       6746.7936      18.4432
       6753.3185      18.4528
       6759.6244      18.4614
       6765.9363      18.4696
       6772.2540      18.4772
       6778.5776      18.4843
       6784.9071      18.4909
       6791.2425      18.4971
       6797.5839      18.5027
       6803.9311      18.5079
       6810.5113      18.5128
       6816.8707      18.5171
       6823.2360      18.5209
       6829.6072      18.5243
       6835.9844      18.5273
       6842.3675      18.5299
       6848.7566      18.5321
       6855.1516      18.5339
       6861.7813      18.5354
       6868.1886      18.5364
       6874.6018      18.5371
       6881.0209      18.5374
       6887.4461      18.5374
       6893.8773      18.5370
       6900.3145      18.5363
       6906.7577      18.5353
       6913.2069      18.5339
       6919.8928      18.5321
       6926.3542      18.5300
       6932.8217      18.5276
       6939.2953      18.5248
       6945.7749      18.5217
       6952.2605      18.5183
       6958.7522      18.5145
       6965.2500      18.5104
       6971.7538      18.5058
       6978.4963      18.5007
       6985.0125      18.4954
       6991.5348      18.4897
       6998.0631      18.4836
       7004.5976      18.4770
       7011.1382      18.4700
       7017.6848      18.5423
       7024.2376      18.5397
       7031.0309      18.5378
       7037.5961      18.5366
       7044.1675      18.5356
       7050.7450      18.5348
       7057.3287      18.5340
       7063.9185      18.5330
       7070.5145      18.5319
       7077.1166      18.5304
       7083.7249      18.5286
       7090.5757      18.5264
       7097.1965      18.5238
       7103.8235      18.5209
       7110.4568      18.5177
       7117.0962      18.5141
       7123.7418      18.5103
       7130.3936      18.5062
       7137.0516      18.5020
       7143.9540      18.4975
       7150.6247      18.4931
       7157.3016      18.4887
       7163.9848      18.4845
       7170.6742      18.4804
       7177.3698      18.4766
       7184.0717      18.4731
       7190.7798      18.4700
       7197.4943      18.4674
       7204.4551      18.4653
       7211.1823      18.4638
       7217.9157      18.4630
       7224.6555      18.4628
       7231.4015      18.4632
       7238.1539      18.4643
       7244.9125      18.4659
       7251.6775      18.4680
       7258.6907      18.4705
       7265.4685      18.4732
       7272.2527      18.4759
       7279.0432      18.4784
       7285.8400      18.4804
       7292.6432      18.4814
       7299.4527      17.7629
       7306.2686      17.7935
       7313.0909      17.8234
       7320.1635      17.8536
       7326.9987      17.8820
       7333.8403      17.9097
       7340.6883      17.9366
       7347.5427      17.9628
       7354.4035      17.9882
       7361.2707      18.0129
       7368.1443      18.0368
       7375.2702      18.0608
       7382.1569      18.0831
       7389.0500      18.1047
       7395.9495      18.1256
       7402.8555      18.1457
       7409.7680      18.1651
       7416.6869      18.1838
       7423.6122      18.2019
       7430.5440      18.2192
       7437.7302      18.2364
       7444.6753      18.2524
       7451.6267      18.2678
       7458.5847      18.2825
       7465.5492      18.2967
       7472.5202      18.3102
       7479.4977      18.3233
       7486.4817      18.3357
       7493.7220      18.3481
       7500.7193      18.3595
       7507.7231      18.3705
       7514.7335      18.3810
       7521.7504      18.3910
       7528.7738      18.4006
       7535.8039      18.4098
       7542.8404      18.4185
       7549.8836      18.4269
       7557.1852      18.4352
       7564.2418      18.4428
       7571.3049      18.4501
       7578.3746      18.4570
       7585.4510      18.4637
       7592.5339      18.4699
       7599.6235      18.4759
       7606.7196      18.4816
       7613.8224      18.4869
       7621.1859      18.4921
       7628.3022      18.4969
       7635.4252      18.5013
       7642.5548      18.5054
       7649.6910      18.5092
       7656.8339      18.5128
       7663.9835      18.5160
       7671.1398      18.5189
       7678.5587      18.5215
       7685.7286      18.5238
       7692.9052      18.5257
       7700.0884      18.5272
       7707.2784      18.5284
       7714.4751      18.5293
       7721.6785      18.5297
       7728.8887      18.5298
       7736.1055      18.5295
       7743.5873      18.5288
       7750.8179      18.5277
       7758.0552      18.5261
       7765.2993      18.5241
       7772.5502      18.5217
       7779.8079      18.5189
       7787.0723      18.5155
       7794.3435      18.5118
       7801.8815      18.5074
       7809.1666      18.5027
       7816.4584      18.4975
       7823.7570      18.4918
       7831.0625      18.4856
       7838.3748      18.4790
       7845.6939      18.4719
       7853.0198      18.4644
       7860.3526      18.4564
       7867.9545      18.4476
       7875.3012      18.4387
       7882.6548      18.4293
       7890.0153      18.4196
       7897.3826      18.4094
       7904.7568      18.3989
       7912.1379      18.3880
       7919.5259      18.3768
       7927.1850      18.3648
       7934.5870      18.3530
       7941.9960      18.3409
       7949.4119      18.3285
       7956.8346      18.3159
       7964.2644      18.3031
       7971.7010      18.2902
       7979.1446      18.2771
       7986.5952      18.2638
       7994.3192      18.2500
       8001.7839      18.2365
       8009.2556      18.2228
       8016.7342      18.4109
       8024.2199      18.4078
       8031.7125      18.4053
       8039.2122      18.4031
       8046.7188      18.4010
       8054.5009      18.3990
       8062.0219      18.3968
       8069.5498      18.3945
       8077.0848      18.3918
       8084.6268      18.3887
       8092.1758      18.3852
       8099.7319      18.3812
       8107.2951      18.3767
       8114.8653      18.3716
       8122.7133      18.3656
       8130.2979      18.3592
       8137.8896      18.3522
       8145.4884      18.3445
       8153.0943      18.3362
       8160.7073      18.3273
       8168.3273      18.3178
       8175.9546      18.3080
       8183.8617      18.2975
       8191.5034      18.2873
       8199.1522      18.2774
       8206.8082      17.3527
       8214.4713      17.3799
       8222.1416      17.4071
       8229.8191      17.4344
       8237.5037      17.4617
       8245.1955      17.4889
       8253.1696      17.5171
       8260.8760      17.5441
       8268.5896      17.5710
       8276.3104      17.5977
       8284.0385      17.6240
       8291.7737      17.6501
       8299.5162      17.6758
       8307.2659      17.7010
       8315.0228      17.7258
       8323.0644      17.7509
       8330.8361      17.7747
       8338.6151      17.7978
       8346.4013      17.8204
       8354.1948      17.8424
       8361.9955      17.8637
       8369.8036      17.8843
       8377.6189      17.9043
       8385.7210      17.9243
       8393.5512      17.9429
       8401.3887      17.9609
       8409.2336      17.9782
       8417.0857      17.9948
       8424.9452      18.0108
       8432.8120      18.0261
       8440.6862      18.0408
       8448.5677      18.0549
       8456.7385      18.0688
       8464.6350      18.0817
       8472.5389      18.0941
       8480.4501      18.1059
       8488.3688      18.1171
       8496.2948      18.1280
       8504.2283      18.1383
       8512.1691      18.1482
       8520.4014      18.1580
       8528.3573      18.1671
       8536.3207      18.1758
       8544.2915      18.1841
       8552.2698      18.1921
       8560.2555      18.1998
       8568.2487      18.2073
       8576.2493      18.2144
       8584.2574      18.2213
       8592.5594      18.2281
       8600.5827      18.2345
       8608.6135      18.2407
       8616.6519      18.2466
       8624.6977      18.2523
       8632.7510      18.2578
       8640.8119      18.2631
       8648.8803      18.2682
       8657.2448      18.2732
       8665.3285      18.2778
       8673.4198      18.2821
       8681.5186      18.2862
       8689.6250      18.2901
       8697.7390      18.2936
       8705.8605      18.2968
       8713.9896      18.2997
       8722.1264      18.3023
       8730.5617      18.3046
       8738.7139      18.3064
       8746.8737      18.3077
       8755.0411      18.3087
       8763.2162      18.3091
       8771.3988      18.3091
       8779.5892      18.3086
       8787.7871      18.3075
       8796.2860      18.3057
       8804.4995      18.3034
       8812.7207      18.3005
       8820.9497      18.2970
       8829.1862      18.2927
       8837.4305      18.2878
       8845.6825      18.2822
       8853.9422      18.2759
       8862.2096      18.2688
       8870.7804      18.2607
       8879.0635      18.2521
       8887.3544      18.2428
       8895.6530      18.2327
       8903.9593      18.2218
       8912.2734      18.2102
       8920.5953      18.1979
       8928.9249      18.1849
       8937.5602      18.1706
       8945.9057      18.1562
       8954.2590      18.1412
       8962.6201      18.1255
       8970.9889      18.1094
       8979.3656      18.0927
       8987.7501      18.0756
       8996.1425      18.0581
       9004.5427      18.0403
       9013.2511      18.0216
       9021.6673      18.0034
       9030.0913      17.9851
       9038.5232      17.9668
       9046.9629      17.9486
       9055.4105      17.9305
       9063.8661      17.9126
       9072.3295      17.8950
       9080.8008      17.8778
       9089.5830      17.8603
       9098.0704      17.8438
       9106.5658      17.8278
       9115.0691      17.8122
       9123.5803      17.7969
       9132.0995      17.7820
       9140.6266      17.7673
       9149.1617      17.7527
       9158.0100      17.7375
       9166.5613      17.7227
       9175.1206      17.7075
       9183.6879      17.6916
       9192.2632      17.6748
       9200.8465      17.6567
       9209.4379      17.6370
       9218.0372      17.6154
       9226.6446      17.5914
       9235.5678      17.5636
       9244.1916      17.5335
       9252.8234      17.4995
       9261.4632      17.4613
       9270.1111      17.4183
       9278.7671      17.3699
       9287.4312      17.3158
       9296.1034      17.2555
       9305.0938      17.1862
       9313.7825      17.1129
       9322.4793      17.0336
       9331.1842      16.9496
       9339.8972      16.8635
       9348.6183      17.1479
       9357.3476      17.1430
       9366.0851      17.1433
       9374.8307      17.1560
       9383.8973      16.1929
       9392.6595      16.2351
       9401.4299      16.2663
       9410.2086      16.2892
       9418.9954      16.3058
       9427.7904      16.3177
       9436.5936      16.3259
       9445.4051      16.3316
       9454.5399      16.3357
       9463.3681      16.3384
       9472.2046      16.3407
       9481.0493      16.3429
       9489.9022      16.3455
       9498.7634      16.3487
       9507.6330      16.3530
       9516.5107      16.3585
       9525.3968      16.3655
       9534.6090      16.3742
       9543.5120      16.3843
       9552.4233      16.3960
       9561.3429      16.4093
       9570.2708      16.4240
       9579.2071      16.4400
       9588.1517      16.4573
       9597.1047      16.4754
       9606.3862      16.4951
       9615.3562      16.5146
       9624.3345      16.5344
       9633.3213      16.5542
       9642.3165      16.5739
       9651.3200      16.5931
       9660.3319      16.6116
       9669.3523      16.6293
       9678.3811      16.6460
       9687.7412      16.6619
       9696.7872      16.6759
       9705.8416      16.6884
       9714.9045      16.6992
       9723.9758      16.7083
       9733.0556      16.7155
       9742.1439      16.7209
       9751.2406      16.7243
       9760.6712      16.7259
       9769.7853      16.7253
       9778.9079      16.7228
       9788.0389      16.7184
       9797.1786      16.7121
       9806.3267      16.7040
       9815.4834      16.6941
       9824.6486      16.6826
       9833.8224      16.6695
       9843.3329      16.6544
       9852.5241      16.6384
       9861.7240      16.6211
       9870.9324      16.6028
       9880.1494      16.5835
       9889.3750      16.5633
       9898.6093      16.5424
       9907.8521      16.5209
       9917.1036      16.4988
       9926.6946      16.4755
       9935.9637      16.4525
       9945.2414      16.4291
       9954.5278      16.4053
       9963.8229      16.3810
       9973.1267      16.3562
       9982.4391      16.3307
       9991.7603      16.3044
       10001.423      16.2761
       10010.762      16.2476
       10020.110      16.2178
       10029.466      16.1863
       10038.831      16.1530
       10048.205      16.1176
       10057.588      16.0801
       10066.979      16.0403
       10076.379      15.9980
       10086.124      15.9517
       10095.542      15.9046
       10104.969      15.8553
       10114.404      15.8042
       10123.849      15.7514
       10133.302      15.6974
       10142.764      15.6423
       10152.235      15.5861
       10162.053      15.5259
       10171.542      15.4644
       10181.040      15.3963
