       3995.6628      15.7363
       3999.3938      15.8523
       4003.1282      15.9358
       4006.8662      16.0018
       4010.6076      16.0591
       4014.4863      16.1144
       4018.2349      16.1669
       4021.9869      16.2199
       4025.7425      16.2737
       4029.5015      16.3281
       4033.2641      16.3827
       4037.0301      16.4368
       4040.7997      16.4899
       4044.7077      16.5433
       4048.4844      16.5928
       4052.2647      16.6400
       4056.0485      16.6848
       4059.8359      16.7270
       4063.6268      16.7667
       4067.4212      16.8039
       4071.2191      16.8387
       4075.0207      16.8713
       4078.9617      16.9030
       4082.7704      16.9316
       4086.5827      16.9586
       4090.3986      16.9841
       4094.2180      17.0083
       4098.0410      17.0313
       4101.8676      17.0533
       4105.6977      17.0744
       4109.5314      17.0946
       4113.5058      17.1146
       4117.3468      17.1332
       4121.1914      17.1511
       4125.0396      17.1681
       4128.8913      17.1844
       4132.7467      17.1998
       4136.6057      17.2142
       4140.4682      17.2277
       4144.4726      17.2405
       4148.3425      17.2517
       4152.2160      17.2617
       4156.0932      17.2704
       4159.9739      17.2777
       4163.8583      17.2835
       4167.7463      17.2879
       4171.6380      17.2908
       4175.5333      17.2920
       4179.5715      17.2917
       4183.4742      17.2898
       4187.3805      17.2864
       4191.2905      17.2814
       4195.2041      17.2749
       4199.1214      17.2670
       4203.0423      17.3821
       4206.9670      17.3915
       4210.8952      17.3979
       4214.9677      17.4026
       4218.9034      17.4063
       4222.8428      17.4099
       4226.7859      17.4138
       4230.7327      17.4185
       4234.6831      17.4240
       4238.6373      17.4306
       4242.5951      17.4381
       4246.6982      17.4469
       4250.6636      17.4561
       4254.6327      17.4659
       4258.6054      17.4760
       4262.5819      17.4863
       4266.5621      17.4963
       4270.5460      17.5060
       4274.5337      17.5151
       4278.5250      17.5235
       4282.6629      17.5312
       4286.6618      17.5378
       4290.6645      17.5435
       4294.6709      17.5485
       4298.6811      17.5529
       4302.6950      17.5572
       4306.7127      17.5620
       4310.7341      17.5679
       4314.9031      17.5762
       4318.9321      17.5874
       4322.9649      17.6032
       4327.0015      17.6248
       4331.0419      17.6539
       4335.0860      17.3252
       4339.1339      17.3588
       4343.1856      17.3913
       4347.2410      17.4225
       4351.4453      17.4538
       4355.5085      17.4828
       4359.5755      17.5108
       4363.6462      17.5377
       4367.7208      17.5635
       4371.7992      17.5882
       4375.8814      17.6119
       4379.9674      17.6344
       4384.0572      17.6558
       4388.2971      17.6768
       4392.3947      17.6959
       4396.4961      17.7138
       4400.6013      17.7305
       4404.7104      17.7460
       4408.8233      17.7602
       4412.9401      17.7731
       4417.0607      17.7848
       4421.3325      17.7955
       4425.4609      17.8045
       4429.5932      17.8121
       4433.7293      17.8185
       4437.8694      17.8235
       4442.0132      17.8271
       4446.1610      17.8294
       4450.3126      17.8517
       4454.4681      17.8513
       4458.7761      17.8516
       4462.9395      17.8522
       4467.1068      17.8529
       4471.2779      17.8535
       4475.4530      17.8540
       4479.6320      17.8541
       4483.8149      17.8540
       4488.0016      17.8536
       4492.3421      17.8528
       4496.5368      17.8518
       4500.7355      17.8505
       4504.9380      17.8491
       4509.1445      17.8475
       4513.3550      17.8459
       4517.5693      17.8443
       4521.7876      17.8429
       4526.0099      17.8416
       4530.3870      17.8406
       4534.6173      17.8399
       4538.8515      17.8396
       4543.0897      17.8397
       4547.3318      17.8403
       4551.5779      17.8414
       4555.8279      17.8430
       4560.0820      17.8451
       4564.3400      17.8477
       4568.7542      17.8508
       4573.0203      17.8543
       4577.2904      17.8581
       4581.5644      17.8624
       4585.8425      17.8669
       4590.1245      17.8716
       4594.4106      17.8766
       4598.7006      17.8817
       4603.1481      17.8872
       4607.4463      17.8926
       4611.7485      17.8981
       4616.0548      17.9037
       4620.3650      17.9094
       4624.6793      17.9152
       4628.9976      17.9212
       4633.3200      17.9274
       4637.6463      17.9339
       4642.1315      17.9410
       4646.4661      17.9483
       4650.8047      17.9560
       4655.1474      17.9643
       4659.4942      17.9730
       4663.8450      17.9823
       4668.1999      17.9920
       4672.5589      18.0019
       4676.9219      18.0117
       4681.4450      18.0215
       4685.8163      18.0299
       4690.1917      18.0366
       4694.5712      18.0405
       4698.9548      18.0405
       4703.3424      17.9628
       4707.7342      17.9801
       4712.1301      17.9961
       4716.6872      18.0116
       4721.0915      18.0255
       4725.4998      18.0382
       4729.9123      18.0500
       4734.3288      18.0608
       4738.7495      18.0706
       4743.1743      18.0796
       4747.6033      18.0877
       4752.0364      18.0950
       4756.6322      18.1017
       4761.0737      18.1074
       4765.5194      18.1125
       4769.9692      18.1169
       4774.4232      18.1207
       4778.8813      18.1240
       4783.3436      18.1267
       4787.8100      18.1290
       4792.4404      18.1309
       4796.9154      18.1323
       4801.3945      18.1333
       4805.8778      18.1341
       4810.3653      18.1346
       4814.8570      18.1348
       4819.3529      18.1349
       4823.8530      18.1348
       4828.3573      18.1345
       4833.0269      18.1342
       4837.5397      18.1338
       4842.0568      18.1333
       4846.5781      18.1329
       4851.1036      18.1325
       4855.6333      18.1321
       4860.1673      18.1317
       4864.7055      18.1315
       4869.2479      18.1313
       4873.9571      18.1312
       4878.5082      18.1313
       4883.0635      18.1315
       4887.6231      18.1318
       4892.1869      18.1323
       4896.7550      18.1329
       4901.3273      18.1336
       4905.9040      18.1345
       4910.6486      18.1355
       4915.2339      18.1366
       4919.8235      18.1379
       4924.4174      18.1392
       4929.0156      18.1407
       4933.6181      18.1422
       4938.2249      18.1439
       4942.8360      18.1455
       4947.4513      18.1473
       4952.2361      18.1492
       4956.8603      18.1510
       4961.4888      18.1529
       4966.1216      18.1549
       4970.7587      18.1568
       4975.4002      18.1588
       4980.0460      18.1609
       4984.6961      18.1629
       4989.3506      18.1651
       4994.1759      18.1674
       4998.8392      18.1697
       5003.5069      18.1722
       5008.1789      18.1748
       5012.8553      18.1777
       5017.5361      18.1808
       5022.2212      18.1842
       5026.9107      18.1880
       5031.7724      18.1924
       5036.4708      18.1973
       5041.1736      18.2028
       5045.8808      18.2091
       5050.5924      18.2163
       5055.3084      18.2245
       5060.0289      18.0491
       5064.7537      18.0707
       5069.4829      18.0914
       5074.3857      18.1118
       5079.1239      18.1305
       5083.8666      18.1484
       5088.6136      18.1653
       5093.3652      18.1813
       5098.1211      18.1964
       5102.8815      18.2138
       5107.6463      18.2260
       5112.5860      18.2382
       5117.3599      18.2496
       5122.1383      18.2605
       5126.9211      18.2707
       5131.7084      18.2802
       5136.5001      18.2889
       5141.2963      18.2969
       5146.0970      18.3042
       5150.9022      18.3107
       5155.8838      18.3166
       5160.6981      18.3216
       5165.5169      18.3259
       5170.3402      18.3296
       5175.1680      18.3326
       5180.0004      18.3350
       5184.8372      18.3369
       5189.6786      18.3382
       5194.5245      18.3391
       5199.5482      18.3396
       5204.4033      18.3397
       5209.2629      18.3394
       5214.1271      18.3388
       5218.9958      18.3379
       5223.8690      18.3368
       5228.7468      18.3355
       5233.6292      18.3340
       5238.6907      18.3323
       5243.5824      18.3306
       5248.4786      18.3287
       5253.3794      18.3269
       5258.2847      18.3249
       5263.1947      18.3230
       5268.1092      18.3211
       5273.0283      18.3192
       5277.9520      18.3174
       5283.0564      18.3155
       5287.9895      18.3138
       5292.9272      18.3122
       5297.8695      18.3107
       5302.8164      18.3093
       5307.7679      18.3080
       5312.7240      18.3068
       5317.6848      18.3058
       5322.6502      18.3050
       5327.7978      18.3042
       5332.7727      18.3037
       5337.7522      18.3033
       5342.7363      18.3031
       5347.7251      18.3031
       5352.7186      18.3034
       5357.7167      18.3038
       5362.7195      18.3045
       5367.9059      18.3054
       5372.9182      18.3065
       5377.9351      18.3079
       5382.9568      18.3096
       5387.9832      18.3115
       5393.0142      18.3137
       5398.0500      18.3163
       5403.0904      18.3191
       5408.1356      18.3223
       5413.3659      18.3259
       5418.4206      18.3298
       5423.4801      18.3340
       5428.5443      18.3385
       5433.6132      18.3434
       5438.6868      18.3486
       5443.7652      18.3541
       5448.8484      18.3600
       5454.1181      18.3663
       5459.2109      18.3727
       5464.3084      18.3794
       5469.4107      18.3862
       5474.5178      18.3932
       5479.6297      18.1005
       5484.7463      18.1234
       5489.8677      18.1454
       5494.9939      18.1666
       5500.3082      18.1876
       5505.4441      18.2071
       5510.5848      18.2257
       5515.7304      18.2435
       5520.8807      18.2605
       5526.0358      18.2767
       5531.1958      18.2921
       5536.3606      18.3067
       5541.5301      18.3206
       5546.8895      18.3343
       5552.0689      18.3466
       5557.2532      18.3583
       5562.4423      18.3692
       5567.6362      18.3794
       5572.8350      18.3888
       5578.0387      18.3976
       5583.2472      18.4056
       5588.6468      18.4131
       5593.8652      18.4197
       5599.0885      18.4256
       5604.3167      18.4308
       5609.5498      18.4352
       5614.7877      18.4390
       5620.0305      18.4445
       5625.2782      18.4475
       5630.5309      18.4499
       5635.9762      18.4519
       5641.2389      18.4532
       5646.5064      18.4541
       5651.7788      18.4545
       5657.0562      18.4545
       5662.3385      18.4542
       5667.6257      18.4535
       5672.9179      18.4524
       5678.4043      18.4510
       5683.7065      18.4494
       5689.0137      18.4475
       5694.3258      18.4454
       5699.6429      18.4431
       5704.9650      18.4406
       5710.2920      18.4379
       5715.6240      18.4351
       5720.9610      18.4322
       5726.4938      18.4291
       5731.8410      18.4260
       5737.1931      18.4229
       5742.5502      18.4197
       5747.9123      18.4166
       5753.2795      18.4135
       5758.6516      18.4105
       5764.0288      18.4075
       5769.4110      18.4046
       5774.9907      18.4017
       5780.3831      18.3991
       5785.7805      18.3966
       5791.1830      18.3943
       5796.5905      18.3922
       5802.0031      18.3903
       5807.4208      18.3885
       5812.8435      18.3870
       5818.4652      18.3856
       5823.8982      18.3845
       5829.3363      18.3835
       5834.7794      18.3827
       5840.2277      18.3821
       5845.6810      18.3817
       5851.1394      18.3814
       5856.6030      18.3812
       5862.0716      18.3811
       5867.7409      18.3810
       5873.2199      18.3810
       5878.7041      18.3810
       5884.1933      18.3810
       5889.6877      18.3810
       5895.1872      18.3810
       5900.6919      18.3809
       5906.2017      18.3807
       5911.7166      18.3805
       5917.4339      18.3803
       5922.9593      18.3801
       5928.4899      18.3800
       5934.0257      18.3801
       5939.5666      18.3804
       5945.1127      18.3813
       5950.6640      18.3827
       5956.2204      18.3850
       5961.9808      18.3886
       5967.5478      18.3936
       5973.1200      18.4005
       5978.6974      18.0348
       5984.2801      18.0589
       5989.8679      18.0823
       5995.4610      18.1048
       6001.0592      18.1265
       6006.6627      18.1474
       6012.4719      18.1683
       6018.0861      18.1877
       6023.7055      18.2063
       6029.3301      18.2242
       6034.9600      18.2413
       6040.5952      18.2578
       6046.2356      18.2735
       6051.8813      18.2885
       6057.7342      18.3034
       6063.3906      18.3171
       6069.0523      18.3301
       6074.7193      18.3424
       6080.3916      18.3541
       6086.0692      18.3652
       6091.7521      18.3756
       6097.4403      18.3854
       6103.1338      18.3946
       6109.0363      18.4035
       6114.7406      18.4115
       6120.4502      18.4189
       6126.1652      18.4257
       6131.8856      18.4319
       6137.6112      18.4375
       6143.3422      18.4426
       6149.0786      18.4471
       6154.8203      18.4511
       6160.7728      18.4546
       6166.5254      18.4575
       6172.2834      18.4598
       6178.0468      18.4616
       6183.8156      18.4628
       6189.5898      18.4635
       6195.3693      18.4637
       6201.1542      18.4634
       6207.1515      18.4625
       6212.9474      18.4611
       6218.7488      18.4592
       6224.5556      18.4568
       6230.3678      18.4539
       6236.1854      18.4505
       6242.0085      18.4665
       6247.8370      18.4657
       6253.6709      18.4645
       6259.7189      18.4629
       6265.5640      18.4611
       6271.4145      18.4591
       6277.2704      18.4569
       6283.1318      18.4546
       6288.9987      18.4522
       6294.8711      18.4498
       6300.7490      18.4473
       6306.6323      18.4447
       6312.7316      18.4421
       6318.6261      18.4395
       6324.5261      18.4370
       6330.4317      18.4345
       6336.3428      18.4320
       6342.2593      18.4295
       6348.1814      18.4271
       6354.1091      18.4248
       6360.2542      18.4225
       6366.1932      18.4203
       6372.1376      18.4182
       6378.0876      18.4161
       6384.0432      18.4142
       6390.0043      18.4124
       6395.9710      18.4108
       6401.9432      18.4092
       6407.9211      18.4078
       6414.1183      18.4065
       6420.1075      18.4054
       6426.1023      18.4045
       6432.1027      18.4038
       6438.1087      18.4032
       6444.1203      18.4029
       6450.1375      18.4027
       6456.1603      18.4027
       6462.4042      18.4030
       6468.4385      18.4034
       6474.4784      18.4040
       6480.5240      18.4048
       6486.5752      18.4057
       6492.6321      18.4067
       6498.6946      18.4077
       6504.7628      18.4088
       6510.8366      18.4098
       6517.1334      18.4106
       6523.2188      18.4113
       6529.3098      18.4115
       6535.4066      18.4113
       6541.5091      18.4105
       6547.6172      18.4088
       6553.7311      18.4062
       6559.8506      18.4022
       6565.9759      18.3967
       6572.3260      17.9097
       6578.4629      17.9367
       6584.6056      17.9630
       6590.7540      17.9886
       6596.9081      18.0134
       6603.0680      18.0375
       6609.2336      18.0609
       6615.4050      18.0836
       6621.8029      18.1063
       6627.9860      18.1276
       6634.1750      18.1482
       6640.3696      18.1681
       6646.5701      18.1873
       6652.7764      18.2059
       6658.9884      18.2239
       6665.2063      18.2412
       6671.4299      18.2579
       6677.8820      18.2745
       6684.1175      18.2899
       6690.3588      18.3047
       6696.6059      18.3189
       6702.8589      18.3325
       6709.1177      18.3455
       6715.3824      18.3580
       6721.6529      18.3698
       6727.9293      18.3811
       6734.4360      18.3923
       6740.7243      18.4025
       6747.0184      18.4121
       6753.3185      18.4213
       6759.6244      18.4299
       6765.9363      18.4380
       6772.2540      18.4456
       6778.5776      18.4527
       6785.1333      18.4596
       6791.4689      18.4658
       6797.8105      18.4715
       6804.1579      18.4767
       6810.5113      18.4815
       6816.8707      18.4859
       6823.2360      18.4898
       6829.6072      18.4933
       6835.9844      18.4965
       6842.5956      18.4993
       6848.9849      18.5016
       6855.3801      18.5035
       6861.7813      18.5051
       6868.1886      18.5063
       6874.6018      18.5071
       6881.0209      18.5076
       6887.4461      18.5077
       6894.1071      18.5074
       6900.5445      18.5068
       6906.9879      18.5059
       6913.4373      18.5046
       6919.8928      18.5030
       6926.3542      18.5010
       6932.8217      18.4987
       6939.2953      18.4961
       6945.7749      18.4931
       6952.4923      18.4897
       6958.9842      18.4860
       6965.4821      18.4819
       6971.9862      18.4775
       6978.4963      18.4727
       6985.0125      18.4675
       6991.5348      18.4619
       6998.0631      18.4559
       7004.5976      18.4496
       7011.3719      18.4425
       7017.9188      18.5162
       7024.4718      18.5155
       7031.0309      18.5148
       7037.5961      18.5141
       7044.1675      18.5134
       7050.7450      18.5127
       7057.3287      18.5119
       7064.1540      18.5109
       7070.7501      18.5098
       7077.3525      18.5086
       7083.9610      18.5072
       7090.5757      18.5056
       7097.1965      18.5039
       7103.8235      18.5020
       7110.4568      18.5000
       7117.0962      18.4978
       7123.9792      18.4955
       7130.6313      18.4931
       7137.2895      18.4906
       7143.9540      18.4882
       7150.6247      18.4857
       7157.3016      18.4832
       7163.9848      18.4807
       7170.6742      18.4784
       7177.6090      18.4761
       7184.3112      18.4740
       7191.0195      18.4721
       7197.7342      18.4705
       7204.4551      18.4691
       7211.1823      18.4680
       7217.9157      18.4672
       7224.6555      18.4668
       7231.4015      18.4667
       7238.3951      18.4669
       7245.1540      18.4675
       7251.9192      18.4684
       7258.6907      18.4695
       7265.4685      18.4708
       7272.2527      18.4722
       7279.0432      18.4736
       7285.8400      18.4748
       7292.6432      18.4756
       7299.6960      17.7972
       7306.5122      17.8251
       7313.3346      17.8523
       7320.1635      17.8787
       7326.9987      17.9045
       7333.8403      17.9296
       7340.6883      17.9541
       7347.5427      17.9778
       7354.6487      18.0017
       7361.5161      18.0241
       7368.3899      18.0459
       7375.2702      18.0670
       7382.1569      18.0876
       7389.0500      18.1075
       7395.9495      18.1268
       7402.8555      18.1455
       7409.7680      18.1636
       7416.9341      18.1817
       7423.8597      18.1987
       7430.7917      18.2151
       7437.7302      18.2310
       7444.6753      18.2463
       7451.6267      18.2611
       7458.5847      18.2754
       7465.5492      18.2891
       7472.5202      18.3024
       7479.7470      18.3157
       7486.7312      18.3280
       7493.7220      18.3398
       7500.7193      18.3512
       7507.7231      18.3621
       7514.7335      18.3725
       7521.7504      18.3826
       7528.7738      18.3922
       7536.0550      18.4017
       7543.0919      18.4104
       7550.1352      18.4188
       7557.1852      18.4267
       7564.2418      18.4343
       7571.3049      18.4414
       7578.3746      18.4482
       7585.4510      18.4546
       7592.5339      18.4606
       7599.8768      18.4665
       7606.9732      18.4717
       7614.0762      18.4766
       7621.1859      18.4812
       7628.3022      18.4853
       7635.4252      18.4892
       7642.5548      18.4926
       7649.6910      18.4957
       7657.0892      18.4986
       7664.2390      18.5010
       7671.3955      18.5030
       7678.5587      18.5047
       7685.7286      18.5060
       7692.9052      18.5070
       7700.0884      18.5076
       7707.2784      18.5079
       7714.4751      18.5078
       7721.9359      18.5074
       7729.1463      18.5066
       7736.3634      18.5055
       7743.5873      18.5040
       7750.8179      18.5021
       7758.0552      18.4999
       7765.2993      18.4973
       7772.5502      18.4944
       7779.8079      18.4911
       7787.3318      18.4873
       7794.6033      18.4833
       7801.8815      18.4790
       7809.1666      18.4743
       7816.4584      18.4692
       7823.7570      18.4638
       7831.0625      18.4580
       7838.3748      18.4519
       7845.9554      18.4452
       7853.2816      18.4384
       7860.6146      18.4312
       7867.9545      18.4237
       7875.3012      18.4159
       7882.6548      18.4077
       7890.0153      18.3993
       7897.3826      18.3905
       7904.7568      18.3814
       7912.4016      18.3716
       7919.7899      18.3619
       7927.1850      18.3518
       7934.5870      18.3415
       7941.9960      18.3308
       7949.4119      18.3199
       7956.8346      18.3087
       7964.2644      18.2971
       7971.7010      18.2853
       7979.4106      18.2728
       7986.8614      18.2604
       7994.3192      18.2477
       8001.7839      18.2346
       8009.2556      18.2213
       8016.7342      18.4201
       8024.2199      18.4164
       8031.7125      18.4133
       8039.4802      18.4105
       8046.9870      18.4080
       8054.5009      18.4055
       8062.0219      18.4032
       8069.5498      18.4007
       8077.0848      18.3981
       8084.6268      18.3953
       8092.1758      18.3924
       8099.7319      18.3891
       8107.5653      18.3855
       8115.1358      18.3818
       8122.7133      18.3777
       8130.2979      18.3734
       8137.8896      18.3688
       8145.4884      18.3640
       8153.0943      18.3590
       8160.7073      18.3538
       8168.5996      18.3484
       8176.2271      18.3430
       8183.8617      18.3377
       8191.5034      18.3326
       8199.1522      18.3278
       8206.8082      17.4556
       8214.4713      17.4829
       8222.1416      17.5099
       8229.8191      17.5365
       8237.7783      17.5637
       8245.4703      17.5896
       8253.1696      17.6152
       8260.8760      17.6404
       8268.5896      17.6653
       8276.3104      17.6898
       8284.0385      17.7139
       8291.7737      17.7375
       8299.5162      17.7607
       8307.5428      17.7842
       8315.3000      17.8065
       8323.0644      17.8283
       8330.8361      17.8495
       8338.6151      17.8703
       8346.4013      17.8905
       8354.1948      17.9102
       8361.9955      17.9293
       8370.0826      17.9485
       8377.8982      17.9665
       8385.7210      17.9840
       8393.5512      18.0009
       8401.3887      18.0172
       8409.2336      18.0330
       8417.0857      18.0482
       8424.9452      18.0628
       8432.8120      18.0769
       8440.9675      18.0910
       8448.8493      18.1040
       8456.7385      18.1166
       8464.6350      18.1286
       8472.5389      18.1401
       8480.4501      18.1511
       8488.3688      18.1617
       8496.2948      18.1718
       8504.2283      18.1815
       8512.4528      18.1910
       8520.4014      18.1998
       8528.3573      18.2082
       8536.3207      18.2162
       8544.2915      18.2239
       8552.2698      18.2311
       8560.2555      18.2380
       8568.2487      18.2446
       8576.5352      18.2510
       8584.5435      18.2569
       8592.5594      18.2625
       8600.5827      18.2678
       8608.6135      18.2728
       8616.6519      18.2775
       8624.6977      18.2819
       8632.7510      18.2860
       8640.8119      18.2899
       8649.1686      18.2936
       8657.2448      18.2969
       8665.3285      18.2999
       8673.4198      18.3026
       8681.5186      18.3050
       8689.6250      18.3072
       8697.7390      18.3090
       8705.8605      18.3105
       8714.2801      18.3118
       8722.4171      18.3127
       8730.5617      18.3133
       8738.7139      18.3135
       8746.8737      18.3133
       8755.0411      18.3129
       8763.2162      18.3120
       8771.3988      18.3107
       8779.5892      18.3090
       8788.0801      18.3069
       8796.2860      18.3043
       8804.4995      18.3014
       8812.7207      18.2980
       8820.9497      18.2941
       8829.1862      18.2897
       8837.4305      18.2849
       8845.6825      18.2795
       8853.9422      18.2737
       8862.5050      18.2671
       8870.7804      18.2602
       8879.0635      18.2527
       8887.3544      18.2448
       8895.6530      18.2364
       8903.9593      18.2274
       8912.2734      18.2179
       8920.5953      18.2079
       8929.2225      18.1970
       8937.5602      18.1860
       8945.9057      18.1745
       8954.2590      18.1626
       8962.6201      18.1502
       8970.9889      18.1374
       8979.3656      18.1243
       8987.7501      18.1107
       8996.1425      18.0968
       9004.8428      18.0822
       9013.2511      18.0677
       9021.6673      18.0530
       9030.0913      18.0381
       9038.5232      18.0230
       9046.9629      18.0078
       9055.4105      17.9925
       9063.8661      17.9771
       9072.6319      17.9611
       9081.1035      17.9456
       9089.5830      17.9300
       9098.0704      17.9145
       9106.5658      17.8989
       9115.0691      17.8834
       9123.5803      17.8677
       9132.0995      17.8520
       9140.6266      17.8361
       9149.4667      17.8195
       9158.0100      17.8031
       9166.5613      17.7864
       9175.1206      17.7692
       9183.6879      17.7513
       9192.2632      17.7327
       9200.8465      17.7131
       9209.4379      17.6925
       9218.0372      17.6704
       9226.9521      17.6460
       9235.5678      17.6206
       9244.1916      17.5932
       9252.8234      17.5636
       9261.4632      17.5314
       9270.1111      17.4964
       9278.7671      17.4585
       9287.4312      17.4175
       9296.4133      17.3715
       9305.0938      17.3238
       9313.7825      17.2730
       9322.4793      17.2195
       9331.1842      17.1640
       9339.8972      17.1076
       9348.6183      17.4582
       9357.3476      17.4561
       9366.0851      17.4543
       9375.1432      17.4557
       9383.8973      16.4713
       9392.6595      16.5028
       9401.4299      16.5254
       9410.2086      16.5413
       9418.9954      16.5521
       9427.7904      16.5592
       9436.5936      16.5637
       9445.4051      16.5666
       9454.5399      16.5690
       9463.3681      16.5713
       9472.2046      16.5741
       9481.0493      16.5779
       9489.9022      16.5830
       9498.7634      16.5895
       9507.6330      16.5976
       9516.5107      16.6071
       9525.7143      16.6183
       9534.6090      16.6305
       9543.5120      16.6436
       9552.4233      16.6574
       9561.3429      16.6718
       9570.2708      16.6865
       9579.2071      16.7013
       9588.1517      16.7158
       9597.1047      16.7300
       9606.3862      16.7442
       9615.3562      16.7572
       9624.3345      16.7693
       9633.3213      16.7806
       9642.3165      16.7909
       9651.3200      16.8001
       9660.3319      16.8083
       9669.3523      16.8155
       9678.7037      16.8218
       9687.7412      16.8267
       9696.7872      16.8307
       9705.8416      16.8336
       9714.9045      16.8355
       9723.9758      16.8364
       9733.0556      16.8365
       9742.1439      16.8356
       9751.2406      16.8338
       9760.6712      16.8309
       9769.7853      16.8273
       9778.9079      16.8227
       9788.0389      16.8172
       9797.1786      16.8108
       9806.3267      16.8033
       9815.4834      16.7948
       9824.6486      16.7851
       9833.8224      16.7742
       9843.3329      16.7616
       9852.5241      16.7481
       9861.7240      16.7331
       9870.9324      16.7166
       9880.1494      16.6985
       9889.3750      16.6787
       9898.6093      16.6572
       9907.8521      16.6340
       9917.4342      16.6080
       9926.6946      16.5810
       9935.9637      16.5522
       9945.2414      16.5217
       9954.5278      16.4894
       9963.8229      16.4555
       9973.1267      16.4202
       9982.4391      16.3836
       9991.7603      16.3458
       10001.423      16.3058
       10010.762      16.2666
       10020.110      16.2271
       10029.466      16.1875
       10038.831      16.1480
       10048.205      16.1090
       10057.588      16.0704
       10066.979      16.0324
       10076.379      15.9948
       10086.124      15.9559
       10095.542      15.9182
       10104.969      15.8795
       10114.404      15.8390
       10123.849      15.7959
       10133.302      15.7491
       10142.764      15.6975
       10152.235      15.6401
       10162.053      15.5742
       10171.542      15.5044
       10181.040      15.4305
