       3995.2633      16.1321
       3998.9939      16.1535
       4002.7280      16.1927
       4006.4655      16.2432
       4010.2066      16.2999
       4014.0849      16.3616
       4017.8331      16.4215
       4021.5847      16.4805
       4025.3399      16.5378
       4029.0986      16.5930
       4032.8608      16.6460
       4036.6265      16.6966
       4040.3957      16.7450
       4044.3032      16.7930
       4048.0796      16.8372
       4051.8595      16.8795
       4055.6429      16.9200
       4059.4299      16.9587
       4063.2204      16.9957
       4067.0145      17.0310
       4070.8121      17.0648
       4074.6132      17.0969
       4078.5538      17.1286
       4082.3622      17.1577
       4086.1741      17.1853
       4089.9896      17.2115
       4093.8086      17.2362
       4097.6312      17.2596
       4101.4574      17.2816
       4105.2872      17.3024
       4109.2575      17.3226
       4113.0945      17.3408
       4116.9351      17.3579
       4120.7793      17.3739
       4124.6271      17.3888
       4128.4785      17.4026
       4132.3335      17.4153
       4136.1920      17.4271
       4140.1922      17.4381
       4144.0581      17.4478
       4147.9277      17.4564
       4151.8008      17.4640
       4155.6776      17.4706
       4159.5579      17.4760
       4163.4419      17.4803
       4167.3296      17.4834
       4171.2208      17.4854
       4175.2549      17.4860
       4179.1536      17.4853
       4183.0559      17.4833
       4186.9618      17.4799
       4190.8714      17.4750
       4194.7846      17.4686
       4198.7015      17.4608
       4202.6221      17.5752
       4206.6865      17.5833
       4210.6145      17.5891
       4214.5462      17.5938
       4218.4815      17.5977
       4222.4206      17.6014
       4226.3633      17.6050
       4230.3096      17.6090
       4234.2597      17.6135
       4238.2135      17.6186
       4242.3123      17.6247
       4246.2736      17.6313
       4250.2386      17.6387
       4254.2072      17.6468
       4258.1796      17.6555
       4262.1557      17.6647
       4266.1355      17.6741
       4270.1190      17.6836
       4274.2487      17.6932
       4278.2398      17.7020
       4282.2346      17.7100
       4286.2332      17.7168
       4290.2355      17.7223
       4294.2415      17.7262
       4298.2513      17.7282
       4302.2648      17.7285
       4306.4256      17.7271
       4310.4467      17.7246
       4314.4716      17.7219
       4318.5002      17.7203
       4322.5327      17.7220
       4326.5688      17.7299
       4330.6088      17.7479
       4334.6525      17.5281
       4338.7000      17.5612
       4342.8960      17.5940
       4346.9512      17.6242
       4351.0102      17.6531
       4355.0730      17.6807
       4359.1395      17.7071
       4363.2099      17.7322
       4367.2841      17.7560
       4371.3620      17.7786
       4375.5897      17.8008
       4379.6754      17.8210
       4383.7649      17.8400
       4387.8583      17.8577
       4391.9555      17.8744
       4396.0565      17.8898
       4400.1613      17.9040
       4404.2700      17.9170
       4408.3825      17.9288
       4412.6459      17.9398
       4416.7662      17.9492
       4420.8904      17.9574
       4425.0184      17.9644
       4429.1503      17.9701
       4433.2860      17.9747
       4437.4256      17.9781
       4441.5691      17.9802
       4445.8646      17.9811
       4450.0159      17.9808
       4454.1711      18.0064
       4458.3302      18.0047
       4462.4932      18.0036
       4466.6601      18.0029
       4470.8308      18.0022
       4475.0055      18.0015
       4479.3334      18.0006
       4483.5159      17.9994
       4487.7024      17.9979
       4491.8929      17.9962
       4496.0872      17.9942
       4500.2854      17.9920
       4504.4876      17.9896
       4508.6936      17.9871
       4512.9037      17.9846
       4517.2682      17.9821
       4521.4862      17.9798
       4525.7081      17.9778
       4529.9340      17.9760
       4534.1639      17.9746
       4538.3977      17.9736
       4542.6354      17.9731
       4546.8771      17.9730
       4551.2745      17.9734
       4555.5242      17.9744
       4559.7780      17.9758
       4564.0357      17.9777
       4568.2974      17.9800
       4572.5630      17.9828
       4576.8327      17.9858
       4581.1063      17.9892
       4585.3839      17.9928
       4589.8185      17.9966
       4594.1043      18.0004
       4598.3941      18.0042
       4602.6878      18.0078
       4606.9856      18.0113
       4611.2874      18.0146
       4615.5932      18.0175
       4619.9030      18.0201
       4624.3710      18.0223
       4628.6890      18.0239
       4633.0111      18.0251
       4637.3372      18.0257
       4641.6673      18.0257
       4646.0015      18.0252
       4650.3397      18.0241
       4654.6820      18.0225
       4659.1836      18.0203
       4663.5341      18.0176
       4667.8887      18.0145
       4672.2474      18.0110
       4676.6101      18.0070
       4680.9769      18.0026
       4685.3478      17.9977
       4689.7227      17.9922
       4694.1018      17.9861
       4698.6415      18.0173
       4703.0289      18.0346
       4707.4204      18.0509
       4711.8159      18.0663
       4716.2156      18.0807
       4720.6194      18.0939
       4725.0273      18.1061
       4729.4393      18.1173
       4734.0132      18.1277
       4738.4336      18.1366
       4742.8581      18.1446
       4747.2868      18.1516
       4751.7196      18.1577
       4756.1565      18.1629
       4760.5976      18.1672
       4765.0428      18.1708
       4769.4922      18.1737
       4774.1049      18.1759
       4778.5627      18.1774
       4783.0247      18.1783
       4787.4909      18.1787
       4791.9612      18.1787
       4796.4357      18.1782
       4800.9144      18.1774
       4805.3973      18.1762
       4810.0447      18.1748
       4814.5361      18.1731
       4819.0316      18.1713
       4823.5314      18.1694
       4828.0354      18.1674
       4832.5436      18.1653
       4837.0560      18.1633
       4841.5726      18.1613
       4846.2550      18.1594
       4850.7802      18.1576
       4855.3097      18.1560
       4859.8433      18.1547
       4864.3812      18.1535
       4868.9233      18.1527
       4873.4697      18.1521
       4878.0203      18.1519
       4882.5752      18.1520
       4887.2972      18.1525
       4891.8608      18.1535
       4896.4285      18.1548
       4901.0006      18.1565
       4905.5769      18.1587
       4910.1575      18.1613
       4914.7424      18.1643
       4919.3316      18.1677
       4924.0891      18.1717
       4928.6870      18.1759
       4933.2892      18.1804
       4937.8957      18.1852
       4942.5064      18.1903
       4947.1215      18.1956
       4951.7409      18.2010
       4956.3646      18.2065
       4960.9926      18.2120
       4965.7905      18.2177
       4970.4273      18.2231
       4975.0685      18.2283
       4979.7140      18.2332
       4984.3638      18.2379
       4989.0180      18.2422
       4993.6765      18.2462
       4998.3393      18.2497
       5003.1733      18.2531
       5007.8451      18.2559
       5012.5211      18.2586
       5017.2016      18.2612
       5021.8864      18.2638
       5026.5756      18.2669
       5031.2692      18.2707
       5035.9672      18.2758
       5040.8376      18.2829
       5045.5445      18.2924
       5050.2558      18.3052
       5054.9714      18.3224
       5059.6915      18.1493
       5064.4160      18.1694
       5069.1450      18.1884
       5073.8783      18.2065
       5078.6160      18.2236
       5083.5277      18.2404
       5088.2744      18.2556
       5093.0256      18.2699
       5097.7812      18.2834
       5102.5413      18.3039
       5107.3058      18.3161
       5112.0748      18.3273
       5116.8482      18.3374
       5121.7968      18.3468
       5126.5793      18.3551
       5131.3663      18.3625
       5136.1577      18.3692
       5140.9536      18.3751
       5145.7540      18.3804
       5150.5588      18.3850
       5155.3682      18.3891
       5160.1820      18.3926
       5165.1725      18.3957
       5169.9955      18.3981
       5174.8230      18.4002
       5179.6551      18.4018
       5184.4916      18.4031
       5189.3326      18.4040
       5194.1782      18.4046
       5199.0282      18.4048
       5204.0563      18.4048
       5208.9156      18.4046
       5213.7795      18.4041
       5218.6479      18.4033
       5223.5208      18.4024
       5228.3983      18.4013
       5233.2803      18.4000
       5238.1669      18.3986
       5243.2328      18.3970
       5248.1287      18.3953
       5253.0292      18.3935
       5257.9342      18.3916
       5262.8438      18.3896
       5267.7580      18.3876
       5272.6768      18.3855
       5277.6002      18.3833
       5282.5281      18.3811
       5287.6370      18.3789
       5292.5743      18.3767
       5297.5163      18.3745
       5302.4629      18.3724
       5307.4140      18.3703
       5312.3699      18.3683
       5317.3303      18.3664
       5322.2954      18.3647
       5327.4427      18.3630
       5332.4172      18.3616
       5337.3963      18.3605
       5342.3802      18.3596
       5347.3686      18.3590
       5352.3617      18.3587
       5357.3595      18.3588
       5362.3620      18.3593
       5367.3691      18.3603
       5372.5600      18.3618
       5377.5766      18.3638
       5382.5980      18.3664
       5387.6240      18.3695
       5392.6547      18.3732
       5397.6901      18.3776
       5402.7302      18.3825
       5407.7750      18.3880
       5413.0050      18.3944
       5418.0594      18.4010
       5423.1185      18.4081
       5428.1824      18.4157
       5433.2510      18.4235
       5438.3243      18.4315
       5443.4023      18.4395
       5448.4851      18.4473
       5453.7545      18.4550
       5458.8469      18.4618
       5463.9441      18.4676
       5469.0461      18.4720
       5474.1529      18.4746
       5479.2644      18.1959
       5484.3806      18.2193
       5489.5017      18.2418
       5494.6275      18.2633
       5499.9415      18.2847
       5505.0771      18.3043
       5510.2175      18.3230
       5515.3627      18.3409
       5520.5126      18.3578
       5525.6674      18.3739
       5530.8271      18.3892
       5535.9915      18.4036
       5541.3454      18.4176
       5546.5197      18.4303
       5551.6988      18.4422
       5556.8827      18.4534
       5562.0714      18.4637
       5567.2650      18.4733
       5572.4635      18.4821
       5577.6668      18.4901
       5582.8750      18.4974
       5588.2743      18.5042
       5593.4923      18.5099
       5598.7153      18.5150
       5603.9431      18.5193
       5609.1758      18.5230
       5614.4134      18.5259
       5619.6559      18.5108
       5624.9032      18.5346
       5630.3432      18.5482
       5635.6005      18.5535
       5640.8628      18.5534
       5646.1300      18.5496
       5651.4021      18.5434
       5656.6791      18.5358
       5661.9610      18.5277
       5667.2479      18.5198
       5672.7288      18.5123
       5678.0257      18.5060
       5683.3276      18.5009
       5688.6344      18.4971
       5693.9462      18.4946
       5699.2629      18.4933
       5704.5847      18.4930
       5709.9113      18.4937
       5715.2430      18.4951
       5720.7703      18.4971
       5726.1121      18.4993
       5731.4589      18.5015
       5736.8106      18.5036
       5742.1674      18.5054
       5747.5292      18.5067
       5752.8959      18.5073
       5758.2677      18.5072
       5763.8366      18.5061
       5769.2186      18.5042
       5774.6057      18.5012
       5779.9977      18.4972
       5785.3948      18.4921
       5790.7970      18.4861
       5796.2041      18.4791
       5801.6164      18.4711
       5807.0336      18.4623
       5812.6497      18.4523
       5818.0773      18.4421
       5823.5099      18.4313
       5828.9477      18.4201
       5834.3905      18.4086
       5839.8384      18.3971
       5845.2913      18.3855
       5850.7494      18.3743
       5856.4077      18.3630
       5861.8762      18.3526
       5867.3497      18.3430
       5872.8284      18.3343
       5878.3122      18.3265
       5883.8011      18.3199
       5889.2951      18.3146
       5894.7942      18.3106
       5900.4952      18.3079
       5906.0048      18.3068
       5911.5195      18.3071
       5917.0394      18.3089
       5922.5645      18.3120
       5928.0947      18.3165
       5933.6301      18.3221
       5939.1706      18.3289
       5944.7164      18.3366
       5950.4656      18.3454
       5956.0219      18.3544
       5961.5833      18.3639
       5967.1500      18.3736
       5972.7218      18.3831
       5978.2989      17.9992
       5983.8811      18.0375
       5989.4686      18.0740
       5995.2611      18.1100
       6000.8592      18.1427
       6006.4625      18.1735
       6012.0711      18.2024
       6017.6849      18.2291
       6023.3039      18.2538
       6028.9282      18.2765
       6034.5577      18.2970
       6040.1925      18.3154
       6046.0341      18.3323
       6051.6796      18.3466
       6057.3304      18.3587
       6062.9864      18.3689
       6068.6478      18.3770
       6074.3144      18.3833
       6079.9863      18.3876
       6085.6635      18.3901
       6091.5491      18.3909
       6097.2371      18.3899
       6102.9304      18.3873
       6108.6290      18.3833
       6114.3330      18.3779
       6120.0422      18.3712
       6125.7568      18.3634
       6131.4768      18.3547
       6137.4067      18.3447
       6143.1375      18.3344
       6148.8737      18.3237
       6154.6152      18.3127
       6160.3621      18.3016
       6166.1143      18.2907
       6171.8720      18.2801
       6177.6350      18.2700
       6183.4034      18.2606
       6189.3834      18.2520
       6195.1628      18.2447
       6200.9475      18.2388
       6206.7377      18.2344
       6212.5333      18.2315
       6218.3342      18.2302
       6224.1406      18.2307
       6229.9524      18.2329
       6235.9775      18.2491
       6241.8004      18.2605
       6247.6287      18.2724
       6253.4625      18.2850
       6259.3016      18.2984
       6265.1463      18.3125
       6270.9964      18.3273
       6276.8520      18.3426
       6282.7130      18.3584
       6288.7891      18.3749
       6294.6613      18.3908
       6300.5389      18.4064
       6306.4221      18.4214
       6312.3107      18.4356
       6318.2049      18.4488
       6324.1045      18.4605
       6330.0097      18.4708
       6336.1315      18.4794
       6342.0479      18.4857
       6347.9698      18.4898
       6353.8973      18.4914
       6359.8303      18.4904
       6365.7688      18.4867
       6371.7128      18.4801
       6377.6624      18.4707
       6383.8304      18.4577
       6389.7913      18.4422
       6395.7578      18.4237
       6401.7299      18.4024
       6407.7075      18.3784
       6413.6907      18.3520
       6419.6795      18.3234
       6425.6739      18.2933
       6431.6739      18.2621
       6437.8941      18.2294
       6443.9055      18.1983
       6449.9225      18.1687
       6455.9452      18.1416
       6461.9734      18.1181
       6468.0073      18.0994
       6474.0468      18.0864
       6480.0920      18.0799
       6486.3590      18.0803
       6492.4157      18.0877
       6498.4780      18.1012
       6504.5460      18.1197
       6510.6196      18.1413
       6516.6989      18.1634
       6522.7839      18.1831
       6528.8746      18.1963
       6534.9709      18.1980
       6541.2910      18.1807
       6547.3990      18.1357
       6553.5126      18.0477
       6559.6320      17.8894
       6565.7571      17.5999
       6571.8879      17.7072
       6578.0244      17.7354
       6584.1666      17.7629
       6590.5343      17.7907
       6596.6882      17.8169
       6602.8479      17.8425
       6609.0133      17.8674
       6615.1845      17.8916
       6621.3615      17.9151
       6627.5442      17.9379
       6633.7327      17.9601
       6639.9270      17.9815
       6646.3486      18.0030
       6652.5546      18.0230
       6658.7665      18.0423
       6664.9841      18.0609
       6671.2075      18.0787
       6677.4368      18.0958
       6683.6719      18.1122
       6689.9128      18.1279
       6696.3827      18.1434
       6702.6355      18.1576
       6708.8941      18.1710
       6715.1586      18.1838
       6721.4289      18.1958
       6727.7050      18.2072
       6733.9870      18.2178
       6740.2749      18.2277
       6746.7936      18.2373
       6753.0934      18.2459
       6759.3991      18.2538
       6765.7107      18.2611
       6772.0282      18.2677
       6778.3516      18.2737
       6784.6809      18.2792
       6791.0162      18.2840
       6797.3573      18.2883
       6803.9311      18.2921
       6810.2843      18.2953
       6816.6435      18.2979
       6823.0085      18.3001
       6829.3795      18.3018
       6835.7565      18.3031
       6842.1394      18.3039
       6848.5283      18.3043
       6855.1516      18.3044
       6861.5526      18.3040
       6867.9596      18.3034
       6874.3726      18.3023
       6880.7916      18.3010
       6887.2165      18.2994
       6893.6475      18.2975
       6900.0845      18.2954
       6906.5274      18.2930
       6913.2069      18.2903
       6919.6621      18.2874
       6926.1234      18.2843
       6932.5906      18.2810
       6939.0640      18.2774
       6945.5434      18.2737
       6952.0288      18.2697
       6958.5203      18.2655
       6965.2500      18.2609
       6971.7538      18.2562
       6978.2637      18.2512
       6984.7797      18.2459
       6991.3017      18.2403
       6997.8299      18.2344
       7004.3641      18.2281
       7010.9045      18.2215
       7017.6848      18.2895
       7024.2376      18.2884
       7030.7965      18.2877
       7037.3616      18.2872
       7043.9327      18.2867
       7050.5100      18.2863
       7057.0935      18.2857
       7063.6830      18.2850
       7070.2788      18.2841
       7077.1166      18.2828
       7083.7249      18.2812
       7090.3393      18.2794
       7096.9599      18.2772
       7103.5867      18.2746
       7110.2197      18.2718
       7116.8589      18.2687
       7123.5043      18.2654
       7130.3936      18.2617
       7137.0516      18.2580
       7143.7159      18.2542
       7150.3863      18.2505
       7157.0630      18.2468
       7163.7460      18.2434
       7170.4351      18.2401
       7177.1306      18.2373
       7183.8322      18.2348
       7190.7798      18.2329
       7197.4943      18.2317
       7204.2149      18.2311
       7210.9419      18.2313
       7217.6751      18.2323
       7224.4147      18.2340
       7231.1605      18.2366
       7237.9126      18.2398
       7244.9125      18.2437
       7251.6775      18.2479
       7258.4488      18.2523
       7265.2264      18.2564
       7272.0103      18.2601
       7278.8006      18.2626
       7285.5972      18.2635
       7292.4001      18.2619
       7299.4527      17.6161
       7306.2686      17.6463
       7313.0909      17.6757
       7319.9195      17.7044
       7326.7545      17.7323
       7333.5959      17.7594
       7340.4436      17.7857
       7347.2978      17.8113
       7354.1584      17.8362
       7361.2707      17.8611
       7368.1443      17.8844
       7375.0243      17.9070
       7381.9108      17.9288
       7388.8037      17.9498
       7395.7030      17.9702
       7402.6088      17.9898
       7409.5210      18.0088
       7416.6869      18.0276
       7423.6122      18.0452
       7430.5440      18.0620
       7437.4823      18.0782
       7444.4271      18.0937
       7451.3784      18.1086
       7458.3361      18.1229
       7465.3004      18.1366
       7472.2711      18.1497
       7479.4977      18.1626
       7486.4817      18.1745
       7493.4722      18.1858
       7500.4693      18.1966
       7507.4729      18.2069
       7514.4830      18.2167
       7521.4997      18.2259
       7528.5229      18.2347
       7535.8039      18.2433
       7542.8404      18.2511
       7549.8836      18.2585
       7556.9333      18.2654
       7563.9896      18.2720
       7571.0525      18.2781
       7578.1220      18.2838
       7585.1981      18.2891
       7592.5339      18.2942
       7599.6235      18.2988
       7606.7196      18.3030
       7613.8224      18.3068
       7620.9319      18.3104
       7628.0479      18.3135
       7635.1706      18.3164
       7642.3000      18.3189
       7649.4360      18.3211
       7656.8339      18.3230
       7663.9835      18.3246
       7671.1398      18.3259
       7678.3028      18.3268
       7685.4724      18.3274
       7692.6487      18.3278
       7699.8318      18.3278
       7707.0215      18.3275
       7714.4751      18.3269
       7721.6785      18.3260
       7728.8887      18.3247
       7736.1055      18.3232
       7743.3292      18.3213
       7750.5595      18.3191
       7757.7966      18.3166
       7765.0405      18.3137
       7772.2911      18.3105
       7779.8079      18.3068
       7787.0723      18.3029
       7794.3435      18.2986
       7801.6215      18.2939
       7808.9063      18.2889
       7816.1979      18.2835
       7823.4963      18.2777
       7830.8015      18.2715
       7838.3748      18.2647
       7845.6939      18.2578
       7853.0198      18.2504
       7860.3526      18.2427
       7867.6923      18.2345
       7875.0387      18.2260
       7882.3921      18.2170
       7889.7523      18.2077
       7897.3826      18.1977
       7904.7568      18.1876
       7912.1379      18.1771
       7919.5259      18.1663
       7926.9208      18.1552
       7934.3226      18.1437
       7941.7313      18.1319
       7949.1469      18.1198
       7956.5694      18.1074
       7964.2644      18.0943
       7971.7010      18.0814
       7979.1446      18.0683
       7986.5952      18.0550
       7994.0527      18.0416
       8001.5172      18.0280
       8008.9886      18.0143
       8016.4670      18.1990
       8024.2199      18.1991
       8031.7125      18.1995
       8039.2122      18.2001
       8046.7188      18.2008
       8054.2325      18.2015
       8061.7531      18.2022
       8069.2808      18.2028
       8076.8155      18.2033
       8084.3573      18.2038
       8092.1758      18.2040
       8099.7319      18.2041
       8107.2951      18.2040
       8114.8653      18.2036
       8122.4426      18.2030
       8130.0269      18.2020
       8137.6184      18.2005
       8145.2169      18.1984
       8153.0943      18.1956
       8160.7073      18.1919
       8168.3273      18.1871
       8175.9546      18.1811
       8183.5889      18.1734
       8191.2303      18.1638
       8198.8789      18.1519
       8206.5347      17.2932
       8214.4713      17.3243
       8222.1416      17.3541
       8229.8191      17.3836
       8237.5037      17.4127
       8245.1955      17.4415
       8252.8945      17.4699
       8260.6006      17.4978
       8268.3140      17.5252
       8276.0346      17.5520
       8284.0385      17.5792
       8291.7737      17.6049
       8299.5162      17.6299
       8307.2659      17.6542
       8315.0228      17.6778
       8322.7870      17.7007
       8330.5584      17.7228
       8338.3371      17.7442
       8346.4013      17.7656
       8354.1948      17.7854
       8361.9955      17.8045
       8369.8036      17.8229
       8377.6189      17.8404
       8385.4415      17.8573
       8393.2715      17.8734
       8401.1087      17.8888
       8408.9533      17.9035
       8417.0857      17.9181
       8424.9452      17.9314
       8432.8120      17.9442
       8440.6862      17.9564
       8448.5677      17.9680
       8456.4566      17.9790
       8464.3528      17.9896
       8472.2564      17.9997
       8480.4501      18.0098
       8488.3688      18.0190
       8496.2948      18.0280
       8504.2283      18.0365
       8512.1691      18.0448
       8520.1174      18.0529
       8528.0731      18.0607
       8536.0362      18.0683
       8544.2915      18.0760
       8552.2698      18.0832
       8560.2555      18.0904
       8568.2487      18.0974
       8576.2493      18.1044
       8584.2574      18.1113
       8592.2730      18.1181
       8600.2960      18.1249
       8608.3266      18.1317
       8616.6519      18.1387
       8624.6977      18.1454
       8632.7510      18.1520
       8640.8119      18.1586
       8648.8803      18.1652
       8656.9562      18.1717
       8665.0397      18.1781
       8673.1307      18.1844
       8681.5186      18.1908
       8689.6250      18.1968
       8697.7390      18.2026
       8705.8605      18.2082
       8713.9896      18.2136
       8722.1264      18.2187
       8730.2707      18.2235
       8738.4226      18.2279
       8746.5821      18.2320
       8755.0411      18.2358
       8763.2162      18.2390
       8771.3988      18.2417
       8779.5892      18.2438
       8787.7871      18.2454
       8795.9928      18.2465
       8804.2060      18.2469
       8812.4270      18.2466
       8820.9497      18.2456
       8829.1862      18.2439
       8837.4305      18.2414
       8845.6825      18.2382
       8853.9422      18.2342
       8862.2096      18.2294
       8870.4847      18.2238
       8878.7676      18.2173
       8887.3544      18.2097
       8895.6530      18.2015
       8903.9593      18.1924
       8912.2734      18.1825
       8920.5953      18.1717
       8928.9249      18.1601
       8937.2623      18.1477
       8945.6075      18.1346
       8953.9605      18.1206
       8962.6201      18.1054
       8970.9889      18.0900
       8979.3656      18.0740
       8987.7501      18.0574
       8996.1425      18.0403
       9004.5427      18.0228
       9012.9507      18.0048
       9021.3666      17.9866
       9030.0913      17.9674
       9038.5232      17.9487
       9046.9629      17.9300
       9055.4105      17.9113
       9063.8661      17.8926
       9072.3295      17.8741
       9080.8008      17.8558
       9089.2800      17.8378
       9097.7672      17.8202
       9106.5658      17.8022
       9115.0691      17.7853
       9123.5803      17.7687
       9132.0995      17.7524
       9140.6266      17.7364
       9149.1617      17.7206
       9157.7047      17.7048
       9166.2558      17.6889
       9175.1206      17.6722
       9183.6879      17.6556
       9192.2632      17.6383
       9200.8465      17.6201
       9209.4379      17.6006
       9218.0372      17.5796
       9226.6446      17.5567
       9235.2600      17.5315
       9244.1916      17.5028
       9252.8234      17.4721
       9261.4632      17.4382
       9270.1111      17.4007
       9278.7671      17.3596
       9287.4312      17.3147
       9296.1034      17.2661
       9304.7837      17.2142
       9313.4720      17.1598
       9322.4793      17.1025
       9331.1842      17.0484
       9339.8972      16.9989
       9348.6183      17.3033
       9357.3476      17.3387
       9366.0851      17.3680
       9374.8307      17.4029
       9383.5845      16.2482
       9392.6595      16.2617
       9401.4299      16.2682
       9410.2086      16.2725
       9418.9954      16.2771
       9427.7904      16.2830
       9436.5936      16.2905
       9445.4051      16.2991
       9454.2248      16.3083
       9463.0527      16.3173
       9472.2046      16.3259
       9481.0493      16.3329
       9489.9022      16.3382
       9498.7634      16.3418
       9507.6330      16.3438
       9516.5107      16.3443
       9525.3968      16.3439
       9534.2912      16.3431
       9543.5120      16.3424
       9552.4233      16.3427
       9561.3429      16.3446
       9570.2708      16.3488
       9579.2071      16.3559
       9588.1517      16.3662
       9597.1047      16.3800
       9606.0660      16.3975
       9615.3562      16.4194
       9624.3345      16.4437
       9633.3213      16.4709
       9642.3165      16.5003
       9651.3200      16.5312
       9660.3319      16.5630
       9669.3523      16.5950
       9678.3811      16.6264
       9687.4183      16.6567
       9696.7872      16.6860
       9705.8416      16.7120
       9714.9045      16.7352
       9723.9758      16.7551
       9733.0556      16.7715
       9742.1439      16.7841
       9751.2406      16.7928
       9760.3459      16.7973
       9769.7853      16.7976
       9778.9079      16.7936
       9788.0389      16.7856
       9797.1786      16.7736
       9806.3267      16.7578
       9815.4834      16.7385
       9824.6486      16.7160
       9833.8224      16.6907
       9843.0048      16.6632
       9852.5241      16.6328
       9861.7240      16.6023
       9870.9324      16.5713
       9880.1494      16.5404
       9889.3750      16.5104
       9898.6093      16.4819
       9907.8521      16.4553
       9917.1036      16.4312
       9926.6946      16.4089
       9935.9637      16.3902
       9945.2414      16.3739
       9954.5278      16.3598
       9963.8229      16.3472
       9973.1267      16.3354
       9982.4391      16.3234
       9991.7603      16.3101
       10001.423      16.2940
       10010.762      16.2751
       10020.110      16.2517
       10029.466      16.2231
       10038.831      16.1884
       10048.205      16.1472
       10057.588      16.0993
       10066.979      16.0450
       10076.379      15.9851
       10086.124      15.9192
       10095.542      15.8545
       10104.969      15.7926
       10114.404      15.7381
       10123.849      15.6956
       10133.302      15.6688
       10142.764      15.6586
       10152.235      15.6614
       10162.053      15.6679
       10171.542      15.6603
       10181.040      15.6104
