       927.91656       849.29260       807.85132       764.63544       746.22760       723.28033       696.53693       639.75092       573.41370       543.99438       529.02191       505.12848       479.70547       450.64539       420.23120       161.15271       132.86186       7.0000000
       19250.300       19736.200       20008.200       20275.900       20412.700       20563.600       20729.000       21096.600       21512.100       21711.100       21802.200       21955.600       22125.500       22312.700       22518.000       24190.000       24357.000       25162.900
       910.18402       896.22070       835.66754       799.32672       760.31702       744.13782       724.29333       700.55292       678.52985       637.85986       596.47491       578.78992       557.46008       532.14410       505.25336       459.76694       416.58508       396.22043       374.03671       348.09259       319.99060       308.42603       292.17218       261.26035       215.83710       191.86754       167.37460       139.01302       0.0000000       0.0000000       0.0000000       0.0000000       0.0000000       0.0000000       0.0000000       0.0000000
       14519.000       14604.800       14886.200       15055.500       15241.000       15332.400       15432.100       15540.400       15631.600       15833.200       16030.800       16128.600       16235.400       16351.300       16479.000       16692.100       16903.700       17008.000       17123.600       17248.600       17383.800       17427.000       17506.000       17671.800       17880.300       17994.000       18118.500       18254.200       0.0000000       0.0000000       0.0000000       0.0000000       0.0000000       0.0000000       0.0000000       0.0000000
       809.30487       779.71002       751.78223       723.50488       576.97253       546.55994       290.98032       203.59125       161.03864       140.34236       116.98082       66.795662       21.533432       0.0000000       0.0000000       0.0000000       0.0000000       0.0000000
       12007.600       12122.600       12229.300       12325.900       12905.700       13021.600       14022.200       14356.700       14519.000       14604.800       14698.400       14886.200       15055.500       0.0000000       0.0000000       0.0000000       0.0000000       0.0000000
       696.41376       683.90991       668.56732       651.51837       553.25848       524.50439       512.19611       495.48608       476.98083       455.98358       403.15125       365.33453       335.10440       320.50821       303.47528       283.23138       153.70255       120.14054       105.67245       86.111702       64.130318       39.662201       0.0000000       0.0000000       0.0000000       0.0000000       0.0000000
       10375.640       10421.370       10471.600       10527.346       10834.280       10927.300       10976.300       11030.300       11090.300       11156.300       11313.400       11436.400       11539.500       11592.500       11651.500       11716.500       12122.600       12229.300       12287.000       12351.600       12423.000       12502.400       0.0000000       0.0000000       0.0000000       0.0000000       0.0000000
       497.08521       454.38599       434.24805       340.44818       290.49481       267.12524       252.41528       232.58725       160.95320       146.40866       128.45296       108.61307       0.0000000       0.0000000       0.0000000       0.0000000       0.0000000       0.0000000
       9439.6600       9567.3600       9620.9900       9872.1400       10013.990       10082.480       10124.020       10171.720       10375.640       10421.370       10471.600       10527.346       0.0000000       0.0000000       0.0000000       0.0000000       0.0000000       0.0000000
       429.99332       414.92856       399.14789       239.06653       228.57080       212.72800       194.83157       9.7215281       0.0000000
       8430.1740       8465.2080       8504.6280       8885.8300       8919.6100       8958.0600       9001.3300       9439.6600       0.0000000

