# flags:
#    0 = wavelength has not been assigned to this detection
#    1 = user has assigned wavelength to this detection
#    2 = detection has been automatically assigned
#    3 = automatically assigned wavelength was rejected
|              pixel |         wavelength | flag |
|  154.8283047557615 | 3720.5024584946145 |    1 |
|  498.8404958849703 |  3764.060438480094 |    2 |
|  517.7746451983368 | 3766.5136542540736 |    3 |
|  555.8707070958003 |  3772.396613058459 |    3 |
|  565.9100950049998 |  3772.396613058459 |    3 |
|  641.7413750780812 | 3782.0055939874655 |    2 |
|  707.1248272516659 |  3790.275479201576 |    2 |
|  719.7251998855655 |  3793.336775841423 |    3 |
|  733.1691732577779 |  3793.336775841423 |    3 |
|  767.6717861209454 |  3798.425164966796 |    3 |
|  778.1561482646277 |  3798.425164966796 |    3 |
|  805.1123663179314 | 3804.1760108420513 |    3 |
|  817.7557202505407 | 3804.1760108420513 |    1 |
|  856.4293332406172 | 3810.5001670715974 |    3 |
|  868.6755255200064 | 3810.5001670715974 |    3 |
|  880.8775804135666 | 3810.5001670715974 |    3 |
|  898.1306890326064 | 3810.5001670715974 |    3 |
|   917.308711722284 |   3819.80685704405 |    3 |
|    932.31891140506 |   3819.80685704405 |    3 |
|  942.4260603280476 |   3819.80685704405 |    2 |
|  959.0146557020012 |  3821.996666362908 |    3 |
|  977.1846141584421 | 3824.0128077294794 |    3 |
|  993.7671508896722 | 3826.4179706791138 |    3 |
| 1005.1759587858969 | 3826.4179706791138 |    3 |
| 1019.8145022133957 |  3829.470764311823 |    2 |
| 1038.8809482816314 | 3831.8479749862827 |    2 |
| 1070.2420643920495 |  3836.237675249611 |    3 |
|  1085.500060950724 |   3838.23589572707 |    3 |
| 1095.8232172168175 |   3838.23589572707 |    3 |
| 1110.4798011543107 | 3840.7972332832483 |    1 |
|  1136.153408329521 |  3846.393508600476 |    3 |
|   1155.35068815648 |  3846.393508600476 |    2 |
|   1167.90719813352 |  3846.393508600476 |    3 |
| 1197.9469074775195 |  3851.684833651037 |    2 |
|  1210.516103093607 |  3851.684833651037 |    3 |
| 1229.5895901117835 | 3855.5728064151526 |    2 |
| 1245.0625853908305 | 3857.5738456263452 |    2 |
| 1272.6038699230367 | 3857.5738456263452 |    3 |
|  1285.954335579344 | 3857.5738456263452 |    3 |
| 1293.9646679423915 | 3857.5738456263452 |    3 |
| 1301.4580569981058 |  3869.640132167762 |    3 |
|  1312.909991176993 |  3869.640132167762 |    3 |
|  1329.778471811064 |  3869.640132167762 |    3 |
| 1342.7749904499835 |  3869.640132167762 |    2 |
| 1352.0677186453845 |  3869.640132167762 |    3 |
| 1385.7121307556397 |  3875.060360695391 |    3 |
| 1393.1419841646914 |  3875.060360695391 |    3 |
| 1415.8203362748666 | 3880.7388723244844 |    3 |
| 1432.8506048465415 | 3880.7388723244844 |    2 |
| 1453.4855068629151 | 3880.7388723244844 |    3 |
|  1476.010180075197 | 3888.0067052621143 |    3 |
| 1492.4184042409595 | 3888.0067052621143 |    2 |
| 1514.6879118516533 | 3892.9535534340266 |    3 |
| 1532.1192273608824 | 3892.9535534340266 |    2 |
|   1546.36084096773 | 3892.9535534340266 |    3 |
|  1561.653027507513 | 3896.4933896817147 |    1 |
| 1586.4745391256902 | 3899.5455813568537 |    2 |
| 1605.3202996452712 | 3899.5455813568537 |    3 |
| 1624.7573654492685 | 3899.5455813568537 |    3 |
| 1641.7496615024984 | 3913.0257838748994 |    3 |
| 1673.2905942844754 | 3913.0257838748994 |    3 |
| 1697.1425078268326 | 3913.0257838748994 |    2 |
| 1712.5741703087401 | 3913.0257838748994 |    3 |
|  1719.061986927153 |   3917.54353647099 |    3 |
|  1734.204878594786 |   3917.54353647099 |    2 |
| 1755.5351974680004 | 3920.0637165058542 |    2 |
|  1765.739916157955 | 3920.0637165058542 |    3 |
| 1795.1413835968365 | 3926.4103407435477 |    3 |
| 1806.5722367527703 | 3926.4103407435477 |    3 |
| 1824.2828285712042 | 3930.3786723853436 |    3 |
| 1835.6229798994532 | 3930.3786723853436 |    3 |
| 1843.7239049749867 | 3930.3786723853436 |    3 |
|  1856.906985126843 | 3933.9330850805954 |    3 |
| 1870.5218072585783 | 3933.9330850805954 |    2 |
| 1877.1233672931305 | 3933.9330850805954 |    3 |
| 1904.8202634801842 | 3933.9330850805954 |    3 |
| 1918.9166234289462 | 3933.9330850805954 |    3 |
| 1952.2173870687739 |  3947.423043069425 |    3 |
| 1959.7244700989643 |  3947.423043069425 |    3 |
| 1981.3009012669766 |  3947.423043069425 |    3 |
|  1996.821368830635 |  3949.291371055214 |    3 |
| 2005.0819310574027 |  3949.291371055214 |    3 |
|  2017.041831666716 | 3951.4976336957825 |    2 |
| 2036.7924906831124 | 3953.8638147389734 |    2 |
|  2063.334418258802 |  3957.446059121405 |    3 |
| 2069.2851073940424 |  3957.446059121405 |    3 |
|  2091.821587478682 | 3960.4136343206355 |    2 |
| 2094.3041926006094 | 3960.4136343206355 |    3 |
|  2117.928887554593 | 3960.4136343206355 |    3 |
| 2132.2601897815753 | 3968.5601098453235 |    3 |
| 2160.3963496663405 | 3968.5601098453235 |    1 |
| 2171.7490826680946 | 3968.5601098453235 |    3 |
| 2200.9615506239325 |  3973.645632350956 |    3 |
|  2209.206146628506 |  3973.645632350956 |    3 |
| 2220.8064548960956 |  3973.645632350956 |    3 |
|  2235.473739053965 |  3980.788290806971 |    3 |
|  2266.698520664862 |  3980.788290806971 |    3 |
|  2284.304789222249 |  3980.788290806971 |    3 |
| 2309.3911907634024 |  3988.971957858203 |    3 |
|  2329.502719646111 |  3988.971957858203 |    3 |
| 2357.6726143791248 |  3991.739674418057 |    3 |
| 2368.5090108220593 |  3991.739674418057 |    3 |
|  2393.154335126595 | 3995.7867437602204 |    2 |
| 2412.5387700678193 | 3995.7867437602204 |    3 |
|  2421.562007377898 | 3995.7867437602204 |    3 |
| 2429.3002414114167 | 4002.4190352451374 |    3 |
| 2448.7879137738983 | 4002.4190352451374 |    3 |
|  2468.806918015931 | 4006.3586552140864 |    3 |
|  2483.970419798329 | 4006.3586552140864 |    3 |
| 2500.4630897993175 | 4009.6349742103957 |    3 |
| 2510.9011565912774 | 4009.6349742103957 |    3 |
|  2518.240212557614 | 4009.6349742103957 |    3 |
| 2548.2880154460495 | 4013.5512386920473 |    3 |
|  2560.197812114555 | 4013.5512386920473 |    3 |
|  2587.519012496749 | 4020.2686733447204 |    3 |
|  2606.416712640917 | 4020.2686733447204 |    2 |
|   2613.38700904974 | 4020.2686733447204 |    3 |
|  2632.093604689144 |  4023.242749299007 |    2 |
|  2643.359783875526 |  4023.242749299007 |    3 |
| 2656.2252078778633 | 4026.1027226100164 |    3 |
| 2673.6746156515233 |  4028.106316273347 |    3 |
| 2675.7021911453867 |  4028.106316273347 |    3 |
|  2702.932340079655 | 4031.9352144503564 |    3 |
|  2709.614054672354 | 4031.9352144503564 |    3 |
| 2724.5567829672977 | 4034.7882537407804 |    3 |
| 2736.2343149738554 | 4034.7882537407804 |    3 |
| 2755.8949382463175 |  4037.187398286681 |    1 |
|  2775.666896040001 |  4037.187398286681 |    3 |
|  2789.865758529238 | 4044.4976921719144 |    3 |
| 2801.0510614345776 | 4044.4976921719144 |    3 |
| 2819.6043561066604 | 4044.4976921719144 |    3 |
| 2830.6219594868458 | 4044.4976921719144 |    3 |
| 2843.9725602848507 |  4049.610003460842 |    3 |
| 2865.9473701765023 |  4049.610003460842 |    3 |
| 2880.0972795688203 | 4051.7191816901677 |    3 |
| 2888.9505904463826 | 4051.7191816901677 |    3 |
|  2907.077030542027 |  4054.175910177144 |    3 |
|  2913.354887894867 |  4054.175910177144 |    3 |
| 2964.3020009972356 |  4060.407914529784 |    1 |
