# flags:
#    0 = wavelength has not been assigned to this detection
#    1 = user has assigned wavelength to this detection
#    2 = detection has been automatically assigned
#    3 = automatically assigned wavelength was rejected
|              pixel |         wavelength | flag |
|  537.2009004658458 |  3258.322509608634 |    2 |
|  671.7176662029129 |  3272.940756231969 |    1 |
|   758.057773202858 |  3286.721652977489 |    3 |
|  798.1735116322295 |  3286.721652977489 |    2 |
|  817.0249879380008 |  3286.721652977489 |    3 |
|  853.3188659320891 | 3294.6240014315363 |    3 |
|  871.4172852912785 | 3294.6240014315363 |    2 |
|  887.0160025693284 | 3294.6240014315363 |    3 |
|  911.4029439143849 | 3302.6007478184683 |    3 |
|  944.8752603833133 | 3302.6007478184683 |    2 |
|   968.847469423175 | 3305.1896287757017 |    1 |
|  978.7128109027929 | 3305.1896287757017 |    3 |
|   996.557890515016 |  3310.339653848775 |    3 |
| 1016.3082308888436 |  3310.339653848775 |    2 |
| 1026.6350390362277 |  3310.339653848775 |    3 |
| 1055.7298720752758 |  3310.339653848775 |    3 |
| 1066.7721145558708 |  3310.339653848775 |    3 |
| 1117.8981688929198 |  3325.968127997851 |    3 |
|  1128.904288329432 |  3325.968127997851 |    3 |
| 1162.1400284572676 |  3325.968127997851 |    3 |
| 1181.9547236188655 |  3325.968127997851 |    3 |
| 1212.4897736401206 |  3331.424676107606 |    2 |
| 1237.2545929879923 | 3334.0863162507676 |    2 |
| 1251.1282053507239 | 3334.0863162507676 |    3 |
| 1265.4632332257136 | 3334.0863162507676 |    3 |
| 1281.4613142764158 | 3334.0863162507676 |    3 |
| 1308.2597259392019 | 3334.0863162507676 |    3 |
| 1332.9071199095151 |  3349.740082528169 |    3 |
| 1347.3698098172465 |  3349.740082528169 |    3 |
| 1356.1356895904203 |  3349.740082528169 |    3 |
| 1365.8278656064545 |  3349.740082528169 |    3 |
| 1383.7028699886823 |  3349.740082528169 |    1 |
| 1405.2677063648116 |  3351.992780074987 |    2 |
| 1435.1993779981694 |  3351.992780074987 |    3 |
| 1443.3637273299196 |  3351.992780074987 |    3 |
| 1459.6722565955151 |  3362.121599633455 |    3 |
| 1476.0494288627376 |  3362.121599633455 |    3 |
| 1489.6164571240315 |  3362.121599633455 |    3 |
|  1499.143242882469 |  3362.121599633455 |    3 |
|  1512.454683956396 |  3362.121599633455 |    3 |
|  1524.269854374144 |  3362.121599633455 |    3 |
|  1539.272460734305 |  3362.121599633455 |    3 |
|  1551.181929197398 |  3362.121599633455 |    3 |
| 1561.9848842596327 |  3362.121599633455 |    3 |
| 1579.4233420577436 |    3375.9437329838 |    3 |
| 1592.0303572377177 |    3375.9437329838 |    3 |
| 1601.2470665022233 |    3375.9437329838 |    3 |
| 1616.8646655473312 |    3375.9437329838 |    3 |
|  1630.940461299283 |    3375.9437329838 |    2 |
|  1644.870340031749 | 3377.4144280310306 |    1 |
| 1654.8171364049579 | 3377.4144280310306 |    3 |
| 1665.2243329749103 | 3377.4144280310306 |    3 |
|  1674.776179375312 |  3381.827842496836 |    3 |
|  1686.967622387944 |  3381.827842496836 |    2 |
| 1708.9409178794874 |  3381.827842496836 |    3 |
|  1720.561385257715 |  3381.827842496836 |    3 |
|  1731.478946891298 | 3389.4994983242095 |    3 |
| 1740.9105623097669 | 3389.4994983242095 |    3 |
| 1759.4965217225322 | 3389.4994983242095 |    3 |
| 1769.6084721406098 | 3389.4994983242095 |    3 |
| 1793.5152400002562 | 3392.9866193175294 |    1 |
|  1805.371585837232 | 3392.9866193175294 |    3 |
| 1810.2804655042366 | 3392.9866193175294 |    3 |
| 1837.4697236682205 | 3398.5528545443467 |    3 |
| 1846.2761713820462 | 3398.5528545443467 |    3 |
| 1856.2572685509062 |  3399.488915379026 |    1 |
| 1887.0819778343853 | 3403.6701509692552 |    3 |
| 1896.2398125839045 | 3403.6701509692552 |    2 |
| 1923.8821476901496 | 3406.5805037060877 |    2 |
| 1954.6534871450028 | 3409.7406193596594 |    2 |
|  1967.812383789371 | 3409.7406193596594 |    3 |
|  1985.559294062884 | 3413.9942271376517 |    3 |
| 1996.1120577349154 | 3413.9942271376517 |    1 |
| 2012.2885378058331 | 3413.9942271376517 |    3 |
| 2024.0529333892373 | 3413.9942271376517 |    3 |
| 2039.6199717987226 | 3422.1973119567224 |    3 |
| 2053.7563108017944 | 3422.1973119567224 |    3 |
| 2074.4023558103654 |                0.0 |    0 |
| 2075.8060644718116 | 3422.1973119567224 |    2 |
| 2089.9041086133507 |  3424.944925030765 |    3 |
|  2102.838626393012 |  3424.944925030765 |    2 |
|  2115.005877919834 |  3424.944925030765 |    3 |
|  2133.110368942589 | 3429.8727602662543 |    3 |
|  2151.025681557432 | 3429.8727602662543 |    2 |
| 2200.9510164862313 |   3434.96679472229 |    2 |
|  2220.499242219828 |  3437.064733655497 |    3 |
| 2233.5257546475473 | 3438.2293662665593 |    3 |
| 2254.9201754987757 |   3440.39262127104 |    3 |
|   2273.17340749061 |   3440.39262127104 |    3 |
| 2285.6918496679973 |   3440.39262127104 |    3 |
| 2299.8208264137484 |   3440.39262127104 |    3 |
| 2314.1705602829597 |   3440.39262127104 |    3 |
|  2323.640784544079 |   3440.39262127104 |    3 |
|  2349.145954639352 |   3440.39262127104 |    3 |
| 2376.4526738616332 | 3462.1061502742264 |    3 |
| 2387.2283847027866 | 3462.1061502742264 |    3 |
| 2398.9528246096124 | 3462.1061502742264 |    3 |
|  2415.393669459147 | 3462.1061502742264 |    3 |
| 2430.0028885326533 | 3462.1061502742264 |    3 |
| 2442.2465964568337 | 3462.1061502742264 |    3 |
|  2454.838403262119 | 3462.1061502742264 |    3 |
| 2470.3817217874953 | 3462.1061502742264 |    1 |
| 2488.1326189322995 | 3462.1061502742264 |    3 |
| 2500.4581235474907 | 3467.4376923005325 |    3 |
|  2515.588314932385 | 3467.4376923005325 |    3 |
|  2525.519618793941 | 3467.4376923005325 |    3 |
|  2542.224881065738 | 3470.5771832360942 |    3 |
|  2556.212582179684 | 3470.5771832360942 |    2 |
|  2572.079083651349 | 3472.1184952281533 |    2 |
|  2596.131306023535 | 3472.1184952281533 |    3 |
| 2628.5028536042682 |  3477.727771962979 |    2 |
|   2643.75863492043 |  3477.727771962979 |    3 |
| 2654.7998969105192 |  3477.727771962979 |    3 |
| 2663.2498208759744 |  3477.727771962979 |    3 |
| 2689.9253251379187 |  3477.727771962979 |    3 |
| 2715.0974051252956 | 3492.4279435491744 |    3 |
| 2728.9926940466853 | 3492.4279435491744 |    3 |
|  2758.360148124815 | 3492.4279435491744 |    3 |
| 2779.7436004302945 | 3492.4279435491744 |    1 |
| 2798.4454637679696 | 3492.4279435491744 |    3 |
| 2824.2191661788493 | 3497.7850434986804 |    3 |
| 2835.0175505996426 | 3497.7850434986804 |    1 |
| 2854.0303039627856 | 3497.7850434986804 |    3 |
|  2868.167451209725 | 3497.7850434986804 |    3 |
| 2887.2575670136766 | 3497.7850434986804 |    3 |
| 2897.5493141117768 | 3497.7850434986804 |    3 |
|  2907.417049728322 |  3510.759636258979 |    3 |
|  2970.466081680584 |  3510.759636258979 |    2 |
|  2987.181445566189 | 3512.2716070087686 |    2 |
