# flags:
#    0 = wavelength has not been assigned to this detection
#    1 = user has assigned wavelength to this detection
#    2 = detection has been automatically assigned
#    3 = automatically assigned wavelength was rejected
|              pixel |         wavelength | flag |
|  552.7723874092432 | 3413.9942271376517 |    1 |
|  624.5134504891561 | 3422.1973119567224 |    1 |
|  648.8916317542993 |  3424.944925030765 |    2 |
|  692.0423756960365 | 3429.8727602662543 |    2 |
|  736.6652846310539 |   3434.96679472229 |    2 |
|  755.5060118742067 |  3437.064733655497 |    2 |
|    765.77480707505 | 3438.2293662665593 |    3 |
|  784.7061339453901 |   3440.39262127104 |    2 |
|  812.2058591294955 |   3440.39262127104 |    3 |
|  892.4685482165328 | 3462.1061502742264 |    3 |
|  912.0003611466012 | 3462.1061502742264 |    3 |
|  939.7869651169431 | 3462.1061502742264 |    3 |
|  975.3131821621564 | 3462.1061502742264 |    1 |
|  990.9958905296952 | 3462.1061502742264 |    3 |
| 1001.8592434292949 | 3467.4376923005325 |    3 |
| 1023.7071714986487 | 3467.4376923005325 |    3 |
| 1038.2616989139196 | 3470.5771832360942 |    3 |
| 1050.5438853777898 | 3470.5771832360942 |    2 |
| 1064.4947775963446 | 3472.1184952281533 |    2 |
| 1113.5895417532568 |  3477.727771962979 |    2 |
|  1127.046472122374 |  3477.727771962979 |    3 |
| 1137.1856830635877 |  3477.727771962979 |    3 |
|  1144.156669866113 |  3477.727771962979 |    3 |
|  1167.125263540559 |  3477.727771962979 |    3 |
| 1188.9032301439154 | 3492.4279435491744 |    3 |
| 1200.8963362156862 | 3492.4279435491744 |    3 |
| 1225.9362072950141 | 3492.4279435491744 |    3 |
| 1244.7550549603757 | 3492.4279435491744 |    2 |
| 1261.1490592009593 | 3492.4279435491744 |    3 |
|  1283.085348268042 | 3497.7850434986804 |    3 |
| 1292.4574607010297 | 3497.7850434986804 |    2 |
| 1308.8680490653092 | 3497.7850434986804 |    3 |
| 1320.8387490294763 | 3497.7850434986804 |    3 |
| 1337.1615649249652 | 3497.7850434986804 |    3 |
|   1346.27659466952 | 3497.7850434986804 |    3 |
|  1354.404514171517 |  3510.759636258979 |    3 |
| 1378.3413287330204 |  3510.759636258979 |    3 |
| 1387.8115833966378 |  3510.759636258979 |    3 |
| 1408.4286986059883 |  3510.759636258979 |    2 |
| 1422.6817468911352 | 3512.2716070087686 |    3 |
|   1449.85295958495 |  3515.413562846602 |    2 |
|  1485.973055358166 | 3519.3962028519295 |    2 |
|  1500.189096122592 | 3519.3962028519295 |    3 |
|  1510.465355424263 | 3519.3962028519295 |    3 |
| 1532.2352365204163 |  3525.443040589998 |    3 |
| 1541.2159250492978 |  3525.443040589998 |    3 |
| 1560.3020530838903 |  3527.748648115382 |    3 |
| 1581.5057225668288 |  3527.748648115382 |    3 |
| 1595.2415922833666 |  3527.748648115382 |    3 |
| 1603.7684519071242 |  3536.350484548772 |    3 |
| 1619.9366592701745 |  3536.350484548772 |    3 |
|  1638.757433547278 |  3536.350484548772 |    2 |
|  1655.246316764451 |  3536.350484548772 |    3 |
| 1677.3274104370043 |  3536.350484548772 |    3 |
|  1704.005099579967 | 3546.7402266146605 |    3 |
| 1718.0498869075766 | 3546.7402266146605 |    3 |
|  1733.590561343104 | 3546.7402266146605 |    1 |
| 1748.1739106173254 | 3546.7402266146605 |    3 |
| 1758.8625988368692 | 3546.7402266146605 |    3 |
| 1768.7958246094784 |  3552.343418961479 |    3 |
| 1785.1647657903811 |  3552.343418961479 |    2 |
|  1812.391250127983 |  3555.744151725388 |    3 |
| 1835.7331132120623 | 3558.0064292651928 |    3 |
| 1859.5531415763392 | 3560.5493600057043 |    2 |
| 1873.4430391571345 |  3562.052294336083 |    2 |
| 1894.6633131451647 | 3565.9762760778412 |    3 |
| 1910.9806128729892 | 3565.9762760778412 |    3 |
|  1929.674393117273 |  3568.321242395288 |    3 |
| 1931.1565312661662 |  3568.321242395288 |    2 |
| 1954.5939742158494 |  3568.321242395288 |    3 |
| 1958.8791970235895 |  3568.321242395288 |    3 |
|  1977.437604770488 |  3577.617552503653 |    3 |
|   1980.27912067624 |  3577.617552503653 |    3 |
| 2004.7976543554835 |  3577.617552503653 |    3 |
| 2017.2817348674334 |  3577.617552503653 |    1 |
| 2043.4871830438478 |  3577.617552503653 |    3 |
|  2070.654829445693 |  3583.349485890181 |    2 |
| 2087.7345338645214 | 3585.1835453668273 |    2 |
|  2127.404842652091 |  3589.464701942048 |    2 |
| 2139.6066083782484 |  3590.652033224968 |    3 |
|  2155.494302004363 | 3592.3797614580235 |    3 |
|  2168.199416259645 | 3593.8037104881764 |    2 |
| 2178.7285742045674 | 3593.8037104881764 |    3 |
|  2194.577091960899 | 3593.8037104881764 |    3 |
|  2218.264857819601 | 3593.8037104881764 |    3 |
|  2234.429509977712 | 3607.2103133709174 |    3 |
| 2246.9037078104907 | 3607.2103133709174 |    3 |
| 2266.3563912777977 | 3607.2103133709174 |    3 |
|  2280.426996176759 | 3607.2103133709174 |    3 |
|  2295.732114509256 | 3607.2103133709174 |    3 |
| 2315.1491617380057 | 3610.4513599785087 |    3 |
| 2325.1570180489484 | 3610.4513599785087 |    2 |
| 2335.8533496115506 | 3610.4513599785087 |    3 |
|  2353.862058094336 |  3613.508612980385 |    1 |
| 2370.7904424965127 | 3615.2816620148037 |    2 |
| 2379.2611833076235 | 3616.1231380880336 |    2 |
|  2381.339534643086 | 3616.1231380880336 |    3 |
|  2397.905928936765 | 3616.1231380880336 |    3 |
|  2410.072810911403 | 3616.1231380880336 |    3 |
| 2418.8280921438536 |  3623.476985756222 |    3 |
|  2434.632961720673 |  3623.476985756222 |    3 |
|  2449.310361992067 |  3623.476985756222 |    2 |
|  2475.386696453616 | 3625.9914203309672 |    3 |
| 2489.3958181652824 | 3626.6402049638946 |    3 |
|  2520.408397779494 | 3626.6402049638946 |    3 |
|  2548.572316624901 | 3635.7355969370697 |    3 |
| 2565.8059586515756 | 3635.7355969370697 |    3 |
| 2578.9130604275388 | 3636.9888403093605 |    2 |
| 2588.3548176071317 |  3637.921730922408 |    2 |
| 2602.9182953504446 | 3639.2963551440544 |    3 |
| 2616.4397688618246 |  3640.809544529811 |    2 |
|  2640.221676827831 | 3643.2964276113876 |    1 |
| 2652.3481232372096 | 3643.2964276113876 |    3 |
|   2672.90044225615 | 3643.2964276113876 |    3 |
| 2696.1158632138513 | 3650.7251948484745 |    3 |
|  2713.383528519441 | 3650.7251948484745 |    3 |
|  2723.386257054191 | 3650.7251948484745 |    3 |
|  2737.495531955269 | 3650.7251948484745 |    3 |
| 2767.2740444338974 |  3656.208587875981 |    3 |
|  2781.654177664616 | 3657.6690083124217 |    3 |
| 2809.6671317442333 | 3660.6983328981228 |    3 |
| 2810.5479139578983 | 3660.6983328981228 |    2 |
|  2830.217294082176 | 3662.7131719364124 |    3 |
| 2845.8958016466463 | 3664.2385052013083 |    1 |
|  2883.558052517131 |  3670.994739428871 |    3 |
| 2895.0845589523005 |  3670.994739428871 |    3 |
| 2913.1112731974154 |  3670.994739428871 |    2 |
| 2928.9919622455977 |  3672.602511998439 |    2 |
|   2937.35014187634 |  3672.602511998439 |    3 |
| 2953.3499433754587 |  3674.936913708279 |    3 |
| 2969.4773016986123 | 3676.5874705952874 |    2 |
| 2997.3479901793594 | 3679.3321215888977 |    2 |
