# flags:
#    0 = wavelength has not been assigned to this detection
#    1 = user has assigned wavelength to this detection
#    2 = detection has been automatically assigned
#    3 = automatically assigned wavelength was rejected
|              pixel |         wavelength | flag |
| 10.553988057863467 |  4394.330435879715 |    3 |
|  76.54533687010736 |  4402.140724263636 |    3 |
|  128.9119546765704 | 4410.1107663154135 |    1 |
| 243.08473619330374 |  4427.237356840526 |    2 |
|   271.019442081555 |  4431.551360892535 |    3 |
| 295.14255535404953 |  4434.960444357344 |    3 |
|  337.5618530601823 |  4441.282485675816 |    3 |
| 375.58648762677126 |  4447.079060586881 |    2 |
|  395.5380879758011 |  4450.078021364595 |    2 |
|  420.2930639756766 |  4450.078021364595 |    3 |
|  456.5573646092326 |  4459.311016838417 |    2 |
|  479.6253209355589 |  4462.666199966808 |    2 |
|  494.7908781355728 |  4462.666199966808 |    3 |
|  505.4484111141131 |  4462.666199966808 |    3 |
|  533.4499680358798 |  4470.917908038296 |    3 |
|  568.7292874701345 |  4476.103844873546 |    2 |
|  594.1197523093111 |   4479.92067866169 |    2 |
|  615.9637859525515 |  4483.118280109982 |    2 |
|  625.9441282323194 |  4483.118280109982 |    3 |
|  649.7479098530939 |  4488.215226476612 |    2 |
|  661.2261682957422 |  4489.825521440803 |    3 |
|   676.829787720187 | 4492.1677558769325 |    2 |
|  692.8321289915871 |   4494.59535583056 |    1 |
|   730.447066802362 | 4500.1985032672565 |    2 |
|  757.2313969188001 |  4500.912794846884 |    3 |
|  772.4020405831182 |  4511.972029929817 |    3 |
|  781.1086524360087 |  4511.972029929817 |    3 |
|   791.357442187229 |  4511.972029929817 |    3 |
|  809.3703207961418 |  4511.972029929817 |    2 |
|   828.070142505595 |  4516.403761447114 |    3 |
|  839.0281016804793 |  4516.403761447114 |    2 |
|  866.8668461328227 |  4516.403761447114 |    3 |
|  879.9483155169092 |  4516.403761447114 |    3 |
|  904.7727666214303 |  4534.444273927076 |    3 |
|   925.668414881936 |  4534.444273927076 |    3 |
|  941.8554853466208 |  4534.444273927076 |    3 |
|  960.5015647656776 |  4534.444273927076 |    2 |
|  974.7513894212121 |  4536.590184035678 |    1 |
|  987.4426359311334 |  4536.590184035678 |    3 |
| 1013.1956656380694 |  4542.255192735252 |    2 |
| 1040.5841569868646 |  4546.357834032083 |    2 |
| 1054.9841000924228 |  4546.357834032083 |    3 |
|  1088.336958231966 |  4557.102373408271 |    3 |
| 1113.3828100036815 |  4557.102373408271 |    2 |
| 1130.6248872050057 |  4557.102373408271 |    3 |
| 1150.9176219544488 |  4562.653872011656 |    2 |
| 1166.6537894823848 |  4562.653872011656 |    3 |
| 1190.6300843467102 |  4568.504642015126 |    2 |
| 1216.3552079714534 |  4568.504642015126 |    3 |
| 1235.9236753914226 |  4580.652317388963 |    3 |
| 1245.5535595090132 |  4580.652317388963 |    3 |
| 1262.8318546578398 |  4580.652317388963 |    3 |
| 1273.2164918858473 |  4580.652317388963 |    2 |
|  1286.163311520682 |  4580.652317388963 |    3 |
| 1308.3735506389073 |  4589.886741928334 |    3 |
| 1319.7252694133458 |  4589.886741928334 |    3 |
|   1335.04580810185 |  4589.886741928334 |    3 |
| 1345.0433698269712 |  4591.166825521225 |    2 |
| 1363.9933620426739 |  4593.987503451188 |    2 |
| 1383.1236471218945 |  4593.987503451188 |    3 |
|  1405.778577007891 |  4600.061163054275 |    2 |
| 1435.4625735876311 |  4604.291456605639 |    3 |
| 1471.1998205814853 |  4610.850367536539 |    3 |
| 1479.7458883650177 |  4610.850367536539 |    1 |
| 1497.0611589174507 |  4614.921190089822 |    3 |
| 1507.7408602016299 |  4614.921190089822 |    2 |
|  1518.757291388695 |  4616.471671534017 |    2 |
|  1549.940780723531 | 4622.3041972313285 |    3 |
| 1559.5151155999752 | 4622.3041972313285 |    3 |
| 1577.0946008629965 | 4622.3041972313285 |    3 |
|  1581.308789182309 | 4622.3041972313285 |    3 |
| 1609.2675267831287 |   4629.55850419051 |    3 |
| 1632.5181439811886 |   4629.55850419051 |    3 |
| 1646.5558850312545 |   4638.65330031638 |    3 |
| 1670.7052917927613 |   4638.65330031638 |    3 |
|  1680.632970982608 |   4638.65330031638 |    3 |
| 1688.8314171309794 |   4638.65330031638 |    3 |
| 1698.6536510915846 |   4638.65330031638 |    3 |
| 1714.6785250074377 | 4648.3741068094205 |    3 |
| 1722.5473979318053 | 4648.3741068094205 |    3 |
| 1738.8243798533465 | 4648.3741068094205 |    2 |
| 1762.0482088641038 |  4651.691603772911 |    2 |
|  1770.113271309844 |  4652.739524342527 |    2 |
| 1795.5089100932903 |  4659.205693231374 |    3 |
| 1814.6024422030557 |  4659.205693231374 |    2 |
| 1826.4261313209768 |  4659.205693231374 |    3 |
|  1851.630684078737 |  4664.487282014275 |    2 |
|  1875.968536097416 |  4667.945646270964 |    2 |
| 1886.6127545826623 |  4669.435797202766 |    2 |
|  1899.180520501889 |  4671.282341650505 |    2 |
| 1925.1983042938534 |  4674.959519196406 |    1 |
|  1941.965429194565 |  4677.345072772547 |    2 |
| 1957.3773264427743 |  4677.345072772547 |    3 |
| 1972.6659247246469 |  4677.345072772547 |    3 |
| 1993.3872822269093 | 4687.4949253543355 |    3 |
| 2013.5420285465761 | 4687.4949253543355 |    2 |
| 2035.0225709134543 | 4690.5944932070925 |    2 |
| 2051.6596177829915 | 4690.5944932070925 |    3 |
| 2076.3599186025554 |  4696.263386400698 |    3 |
|   2088.28304390377 |  4696.263386400698 |    3 |
|  2099.078310369006 |  4696.263386400698 |    3 |
| 2115.7263509549944 |  4703.934159144551 |    3 |
| 2128.1134195509226 |  4703.934159144551 |    3 |
|  2140.047014910057 |  4705.296024794163 |    2 |
| 2152.7044640006934 |  4707.017051724293 |    2 |
|  2170.553565678836 |  4709.731642606955 |    3 |
| 2201.0540715135376 |  4713.835903937082 |    2 |
|  2221.925943381305 |  4713.835903937082 |    3 |
|  2244.229607253256 |   4724.77340212911 |    3 |
| 2267.7664322669975 |   4724.77340212911 |    3 |
|  2279.535561434291 |   4724.77340212911 |    2 |
|  2282.699291273156 |   4724.77340212911 |    3 |
|   2304.21297162194 |  4728.193354784549 |    2 |
|  2320.464282612419 |   4730.43802935778 |    2 |
| 2341.7174765193577 |  4733.366138853803 |    2 |
|  2369.681323928864 |  4737.233099777989 |    1 |
| 2383.6027886789107 |  4737.233099777989 |    3 |
| 2404.3025183985806 |  4742.051788981993 |    2 |
| 2414.9238260894763 |  4742.051788981993 |    3 |
|  2426.208152598243 |  4742.051788981993 |    3 |
| 2438.2333980886447 |  4750.689963249889 |    3 |
|  2466.646142433821 |  4750.689963249889 |    3 |
| 2490.1293140340044 |  4753.804543815875 |    2 |
| 2523.0699773883744 |  4759.420719857424 |    3 |
|  2532.018140961424 |  4759.420719857424 |    2 |
| 2543.1465056924003 |  4759.420719857424 |    3 |
| 2553.8762342894133 |  4759.420719857424 |    3 |
|  2564.391686612846 |  4766.186554067184 |    3 |
|  2581.475736620645 |  4766.186554067184 |    2 |
|  2594.407957455478 |  4766.186554067184 |    3 |
|  2609.199137855553 |  4766.186554067184 |    3 |
| 2623.7107444394837 |  4766.186554067184 |    3 |
| 2643.5297056006852 |  4779.625707220421 |    3 |
| 2651.0827178381082 |  4779.625707220421 |    3 |
| 2661.0762874742536 |  4779.625707220421 |    3 |
| 2681.1199675663947 |  4779.625707220421 |    2 |
| 2694.5689624833726 |  4779.625707220421 |    3 |
|  2723.056550485848 |  4788.312343003011 |    3 |
| 2744.4269306696515 |  4788.312343003011 |    3 |
| 2764.0352205743425 |  4790.742887393426 |    2 |
| 2781.6512777453718 |  4790.742887393426 |    3 |
| 2792.9888835743345 |  4790.742887393426 |    3 |
| 2813.0737071909402 |  4790.742887393426 |    3 |
| 2845.0604669615177 | 4807.3655295855215 |    3 |
|   2889.53492513649 | 4807.3655295855215 |    1 |
| 2905.4472246335927 | 4809.4820106659545 |    2 |
| 2916.7352932746935 |  4810.913628276274 |    2 |
|  2941.216790272016 |  4815.101551214296 |    3 |
| 2948.8806897604404 |  4815.101551214296 |    2 |
| 2973.0779715414624 |  4815.101551214296 |    3 |
| 2989.8142671802398 |  4822.565953881964 |    3 |
