# flags:
#    0 = wavelength has not been assigned to this detection
#    1 = user has assigned wavelength to this detection
#    2 = detection has been automatically assigned
#    3 = automatically assigned wavelength was rejected
|              pixel |         wavelength | flag |
|  58.02137498825991 | 3913.0331647899284 |    1 |
|  91.97481115196089 |  3917.541190922944 |    1 |
|  215.3179559712914 | 3933.9359563263806 |    1 |
|  314.6904956970752 |  3947.268802818938 |    2 |
| 336.02128033614173 |   3949.88180957581 |    3 |
|  346.6245957293181 | 3951.5240458825965 |    1 |
|  413.3443108072208 | 3960.3746742840767 |    2 |
|   474.059213448145 |  3968.530455041672 |    1 |
| 509.99392844734604 |  3973.426527677644 |    3 |
|  516.5917784494253 | 3974.1736799089012 |    2 |
|  527.5663768935018 | 3975.6161168530602 |    2 |
|  567.3387962028947 | 3980.6998201324745 |    3 |
|  624.1930683612806 |  3992.902722024625 |    3 |
|  647.7709686790844 |  3992.902722024625 |    3 |
|   657.199587600312 |  3992.902722024625 |    2 |
|  678.7214681833177 | 3995.8017207537296 |    1 |
|  710.1013946263977 | 4002.1869354906403 |    3 |
|  727.2091777019035 | 4002.1869354906403 |    2 |
|  744.6161834519442 | 4002.8649408298616 |    3 |
|  757.8755317697972 | 4006.3641189418277 |    3 |
|  772.2135092262786 | 4009.5888140846873 |    3 |
|  781.0947354323607 | 4009.5888140846873 |    3 |
|  787.4456695129879 | 4009.5888140846873 |    3 |
|  813.4550902267996 | 4013.6022862907485 |    2 |
|  823.7918731641786 | 4015.0286938381983 |    2 |
|  863.5413864686317 | 4020.2726214289273 |    1 |
|  868.8221181527421 | 4020.2726214289273 |    3 |
|  885.6066623715244 | 4023.2067039533695 |    2 |
|  895.3841687870923 | 4023.2067039533695 |    3 |
|  906.3845867776499 | 4025.9842692291677 |    2 |
|  923.1190410413551 |   4028.12792034584 |    2 |
|   952.061546554734 | 4031.9559030101263 |    2 |
|   964.942137597308 | 4033.7084856962288 |    2 |
|  974.9214802452943 | 4034.9665513808427 |    2 |
|  991.5418116291085 |  4037.191707167781 |    2 |
|  1008.234141739584 |  4037.191707167781 |    3 |
| 1020.5323628041614 |  4044.177504950189 |    3 |
|  1029.874050222895 |  4044.177504950189 |    3 |
|  1045.428995602514 |  4044.177504950189 |    3 |
| 1055.1088670999761 | 4045.5011153626433 |    3 |
| 1066.3543375528873 | 4045.5011153626433 |    3 |
|  1085.032714933591 |  4051.183159836151 |    3 |
| 1104.6204862585275 |  4052.001303628737 |    3 |
|  1120.338823153153 | 4054.1841044664893 |    2 |
| 1167.9604801255252 | 4060.4075421388175 |    1 |
| 1199.7189082213422 |  4068.560552984149 |    3 |
| 1216.5878368528636 |  4068.560552984149 |    3 |
| 1230.5731228473949 |  4068.560552984149 |    3 |
| 1244.6434348228393 |  4070.549486359557 |    3 |
|  1265.433483660723 | 4073.2151708656347 |    2 |
| 1279.5416324290918 | 4076.6891190221368 |    3 |
|  1292.322937912259 | 4076.6891190221368 |    2 |
| 1301.5923773648435 |  4077.797085798645 |    3 |
| 1324.4103637200858 | 4081.0066358134145 |    3 |
| 1331.6562042677945 |  4081.847536257586 |    2 |
| 1341.5961697874977 | 4083.4515578828955 |    3 |
| 1353.3022203170437 | 4084.5440662852875 |    3 |
| 1366.5949029526248 | 4086.3902556330627 |    2 |
|  1376.674990048171 |  4087.727687432362 |    2 |
|  1395.510894005643 | 4090.1490640579696 |    2 |
|  1415.571713606794 | 4090.1490640579696 |    3 |
| 1431.2592062485614 |  4095.892774867961 |    3 |
| 1440.0656100386814 |  4095.892774867961 |    2 |
| 1450.3575851020519 |  4095.892774867961 |    3 |
|  1462.874381153682 |  4098.801587005451 |    3 |
| 1483.0724350336575 |  4101.497910087071 |    1 |
| 1500.8500634438565 |  4105.051855617323 |    3 |
| 1510.5243657615692 |  4105.051855617323 |    2 |
| 1523.1732973021456 |  4105.051855617323 |    3 |
|  1536.443655758719 |  4109.633815531728 |    3 |
| 1545.4124545610277 |  4109.633815531728 |    2 |
| 1564.0097332687353 |  4111.944487606209 |    2 |
|  1579.209234219274 |  4113.907167174373 |    2 |
|  1602.581991349749 |  4113.907167174373 |    3 |
| 1609.8519300099492 |  4113.907167174373 |    3 |
| 1623.6180269061126 |  4113.907167174373 |    3 |
| 1662.3734090946518 |  4128.672322846555 |    3 |
| 1664.4211664557042 |  4128.672322846555 |    3 |
| 1693.1689081243837 |  4128.672322846555 |    1 |
| 1721.2929898497468 |  4132.824771144152 |    3 |
|  1726.714886809334 |  4132.824771144152 |    2 |
|  1745.204008938953 |  4135.235009689148 |    2 |
|  1763.233314343438 |  4137.520696069408 |    2 |
| 1776.3380747189817 |  4137.520696069408 |    3 |
| 1793.8237241043716 | 4143.8322981542215 |    3 |
|  1812.378916267403 | 4143.8322981542215 |    2 |
| 1857.8859943843338 |  4151.302587745681 |    3 |
|  1870.715602739781 |  4151.302587745681 |    2 |
|  1907.545236205961 | 4157.4246840941005 |    3 |
| 1920.1334948334468 | 4157.4246840941005 |    3 |
| 1925.4130514639153 | 4157.4246840941005 |    3 |
| 1938.8063864354328 |  4159.762871140178 |    3 |
| 1969.5816590526765 |  4163.678174732149 |    3 |
|  1982.490566705087 |  4165.332005833481 |    2 |
| 1995.1917468600031 |  4166.886481946664 |    3 |
| 2016.9275872294193 | 4171.7187204617685 |    3 |
| 2033.0726209620839 | 4171.7187204617685 |    1 |
|  2056.843739915456 | 4171.7187204617685 |    3 |
| 2093.2788513340147 |  4180.657254323174 |    3 |
|  2105.132704318439 |  4180.657254323174 |    3 |
|  2123.762755368004 |  4183.035783669844 |    2 |
| 2143.7523173623536 |  4183.035783669844 |    3 |
| 2147.2924800233964 |  4183.035783669844 |    3 |
| 2191.9141169375757 |  4192.020245240329 |    3 |
| 2195.6172562026227 |  4192.020245240329 |    2 |
|  2213.226770242715 | 4194.1199498092765 |    3 |
|  2228.678371741885 |  4196.189314042792 |    2 |
|  2255.997669268746 |  4199.503142443153 |    2 |
| 2274.1748375348748 |  4201.857452865461 |    3 |
| 2275.0500897840484 |  4201.857452865461 |    2 |
| 2284.9848446381866 |  4201.857452865461 |    3 |
| 2300.4981736496784 |  4201.857452865461 |    3 |
|  2341.658506756683 |  4210.054194801123 |    2 |
| 2358.2343656616035 |  4212.076482563253 |    2 |
|  2376.126659737466 |  4214.368434800237 |    2 |
| 2390.1505457358744 |  4216.062142548168 |    2 |
| 2401.1479648991617 |  4216.062142548168 |    3 |
| 2410.8109115573434 |  4216.062142548168 |    3 |
|   2421.42760075304 |  4216.062142548168 |    3 |
|  2433.109438913729 |  4216.062142548168 |    3 |
|  2461.302704391081 |  4228.138934835594 |    3 |
|  2489.495214665351 |  4228.138934835594 |    2 |
| 2499.7805059081875 |  4229.343105307462 |    2 |
|  2507.637817427342 | 4230.2667882688465 |    3 |
|  2517.224204638392 | 4230.2667882688465 |    3 |
| 2559.9823335046435 |  4236.647608470501 |    1 |
|  2574.532785965729 |  4238.416947997805 |    2 |
|  2606.349118631779 |  4238.416947997805 |    3 |
| 2624.1020677485285 |  4238.416947997805 |    3 |
| 2665.3554366518156 |  4251.540263547851 |    3 |
|  2683.747784350056 |  4251.540263547851 |    2 |
| 2710.7566660880766 |  4251.540263547851 |    3 |
| 2733.2149854263002 |  4258.709620311506 |    3 |
| 2744.0986433722405 |  4258.709620311506 |    2 |
| 2759.7181472151296 |  4260.547039615226 |    2 |
|  2787.127528969805 |  4260.547039615226 |    3 |
| 2818.5835611127795 |  4267.580310435823 |    2 |
| 2849.4552555489076 | 4273.4405766938435 |    3 |
| 2868.3090039363183 | 4273.4405766938435 |    3 |
| 2877.3545689022235 | 4273.4405766938435 |    3 |
|  2893.494742750653 |  4276.177117997135 |    3 |
| 2913.7475115970274 |  4278.698027497481 |    1 |
| 2943.3709682722388 |  4283.267374417259 |    3 |
| 2952.7090312545665 |  4283.267374417259 |    2 |
|  2960.098867822051 |  4283.267374417259 |    3 |
| 2988.5781090375276 |  4289.839205292267 |    3 |
