# flags:
#    0 = wavelength has not been assigned to this detection
#    1 = user has assigned wavelength to this detection
#    2 = detection has been automatically assigned
#    3 = automatically assigned wavelength was rejected
|              pixel |         wavelength | flag |
|  184.4687404605591 |  4159.762871140178 |    2 |
| 223.99272914382283 |  4165.332005833481 |    1 |
| 235.25805807551765 |  4166.886481946664 |    2 |
|  268.8960526762519 | 4171.7187204617685 |    2 |
| 332.90439262192564 |  4180.657254323174 |    3 |
|  349.4939676105809 |  4183.035783669844 |    2 |
|   412.902276925481 |  4192.020245240329 |    2 |
| 428.25888436619516 | 4194.1199498092765 |    3 |
| 441.92249543874556 |  4196.189314042792 |    2 |
|  465.9076488719525 |  4199.503142443153 |    2 |
|   482.563425661963 |  4201.857452865461 |    2 |
|  540.7508304275539 |  4210.054194801123 |    2 |
|  555.1642033292807 |  4212.076482563253 |    1 |
|  570.7204224456507 |  4214.368434800237 |    2 |
|  582.9934875017052 |  4216.062142548168 |    2 |
|  592.5299011751222 |  4216.062142548168 |    3 |
|  600.9189004873199 |  4216.062142548168 |    3 |
|  610.0040552772116 |  4216.062142548168 |    3 |
|  620.2633135023734 |  4216.062142548168 |    3 |
|  644.6350982374106 |  4228.138934835594 |    3 |
|  669.0529975414087 |  4228.138934835594 |    2 |
|  678.0233033961221 |  4229.343105307462 |    3 |
|  692.7918458556666 | 4230.2667882688465 |    3 |
|  729.7230782786769 |  4236.647608470501 |    2 |
|  742.2524359830343 |  4238.416947997805 |    2 |
|   769.427506752502 |  4238.416947997805 |    3 |
|  819.8209583747301 |  4251.540263547851 |    3 |
|  835.5920048390193 |  4251.540263547851 |    2 |
|  858.6802893719337 |  4251.540263547851 |    3 |
|  877.6830208069739 |  4258.709620311506 |    3 |
|  886.8515623295266 |  4258.709620311506 |    2 |
|  900.2091799847224 |  4260.547039615226 |    2 |
|  906.9195658484031 |  4260.547039615226 |    3 |
|  923.4439640948358 |  4260.547039615226 |    3 |
|  949.9178988794456 |  4267.580310435823 |    1 |
|  991.8331343887693 | 4273.4405766938435 |    2 |
| 1013.1261491619498 |  4276.177117997135 |    3 |
| 1030.0658356461113 |  4278.698027497481 |    2 |
| 1054.9601738050794 |  4283.267374417259 |    3 |
|  1062.549649265795 |  4283.267374417259 |    2 |
| 1092.4732971812052 |  4289.839205292267 |    3 |
| 1109.7897244017104 |  4289.839205292267 |    2 |
|  1132.788090606278 |   4293.18262594898 |    3 |
| 1156.4741140151216 |   4293.18262594898 |    3 |
| 1172.5379194545883 |  4301.299253360654 |    3 |
|   1192.33713703606 |  4301.299253360654 |    2 |
| 1225.8812123692976 |  4308.479460398032 |    3 |
| 1243.5256393384939 |  4308.479460398032 |    3 |
|  1258.545376989244 |   4310.42131395151 |    2 |
| 1276.5341025170717 |  4314.215138917861 |    3 |
|  1285.591281149075 |  4314.215138917861 |    2 |
| 1302.0372572582155 | 4316.4645712754855 |    2 |
| 1324.8281269252636 |  4319.687948107348 |    2 |
| 1338.0318957699844 |  4321.437222800317 |    2 |
| 1374.7870191014374 |  4330.134347497369 |    3 |
| 1388.2698280193645 |  4330.134347497369 |    3 |
| 1401.2012635592655 |  4330.134347497369 |    2 |
| 1417.5720040325823 |  4332.404099403762 |    2 |
| 1434.8751626807978 |  4336.593774365273 |    3 |
|  1448.019074598627 |  4336.593774365273 |    2 |
| 1461.7120764034971 |  4338.485493783414 |    2 |
| 1488.4913296741643 |  4343.681730073985 |    3 |
|  1499.629096535561 |  4343.681730073985 |    2 |
| 1519.5716214684905 |  4346.453843602137 |    3 |
| 1528.6787378192748 |  4347.627372493886 |    2 |
| 1540.6983887668023 |  4349.319652748165 |    1 |
| 1571.7382223292423 |  4353.613521081193 |    3 |
| 1580.0441430365445 |  4354.570204130549 |    2 |
| 1594.5959799626364 |  4354.570204130549 |    3 |
|  1615.825479455997 |  4359.476997441165 |    2 |
|  1623.622842751909 |  4360.406190131235 |    3 |
|  1643.517442352409 |  4363.291981727997 |    2 |
|  1656.185039064694 |  4363.291981727997 |    3 |
| 1671.8092770211392 |  4367.210485367519 |    3 |
| 1685.5716863092118 |  4367.210485367519 |    3 |
|   1707.77441219025 |  4372.096255283592 |    3 |
|  1732.304908353215 |  4375.366625510519 |    2 |
| 1745.8792866109038 |  4375.366625510519 |    3 |
| 1762.3132921447598 |  4380.914136768094 |    3 |
| 1773.5290771022326 |  4380.914136768094 |    2 |
| 1789.3827470734095 |  4383.037045975522 |    2 |
| 1812.9959295164088 |   4386.25790747423 |    2 |
| 1833.2934630875418 |   4386.25790747423 |    3 |
| 1858.4092925301227 |  4394.330435879715 |    3 |
|   1872.15881312996 |  4394.330435879715 |    3 |
| 1885.4833508990612 |  4394.330435879715 |    3 |
| 1898.1025538419053 |  4394.330435879715 |    3 |
| 1909.1492325664976 |  4402.140724263636 |    3 |
| 1925.1142539191783 |  4402.140724263636 |    3 |
| 1932.6087615799765 |  4402.140724263636 |    3 |
| 1946.4384047468836 |  4404.132129565178 |    2 |
| 1957.8500557518694 |  4404.132129565178 |    3 |
| 1991.1053945533133 | 4410.1107663154135 |    2 |
| 1992.6111550751484 | 4410.1107663154135 |    1 |
| 2019.9735248793856 |   4414.06407215034 |    3 |
| 2033.3639422139165 |   4414.06407215034 |    3 |
| 2050.7433981656645 |   4414.06407215034 |    3 |
| 2081.2440014625186 |  4427.237356840526 |    3 |
| 2089.6804827888523 |  4427.237356840526 |    3 |
|  2103.274863758816 |  4427.237356840526 |    3 |
|  2120.126224850424 |  4427.237356840526 |    2 |
|  2140.700915864844 |  4431.551360892535 |    3 |
| 2151.8573314092355 |  4431.551360892535 |    3 |
|  2179.369916868939 |  4434.960444357344 |    2 |
|  2198.930362862362 |  4434.960444357344 |    3 |
| 2228.5588678708446 |  4441.282485675816 |    3 |
|   2254.53881349835 |  4447.079060586881 |    3 |
| 2271.4226902424457 |  4447.079060586881 |    2 |
| 2294.1956804955867 |  4450.078021364595 |    2 |
| 2309.2948158520644 |  4450.078021364595 |    3 |
|  2322.645920972385 |  4450.078021364595 |    3 |
| 2347.7234044896213 |  4459.311016838417 |    3 |
|  2364.471918735976 |  4459.311016838417 |    3 |
| 2391.0811525276426 |  4462.666199966808 |    2 |
| 2408.5677424174914 |  4462.666199966808 |    3 |
| 2420.9956345340443 |  4462.666199966808 |    3 |
| 2453.5078336387305 |  4470.917908038296 |    3 |
| 2464.9223309502286 |  4470.917908038296 |    3 |
|  2474.782858507298 |  4470.917908038296 |    3 |
|  2494.398512054718 |  4476.103844873546 |    3 |
|   2523.99492424869 |   4479.92067866169 |    3 |
| 2532.2867660359802 |   4479.92067866169 |    3 |
|  2549.570733875403 |  4483.118280109982 |    2 |
| 2561.0921215442313 |  4483.118280109982 |    3 |
|  2579.895010983495 |  4488.215226476612 |    3 |
| 2589.0293737419706 |  4488.215226476612 |    3 |
| 2602.5027154207114 |  4489.825521440803 |    2 |
| 2610.8175941449545 |  4490.824535355652 |    3 |
|   2620.83654060102 | 4492.1677558769325 |    2 |
| 2639.6625226535775 |   4494.59535583056 |    1 |
| 2683.9418293523604 | 4500.1985032672565 |    2 |
| 2692.0001989135135 |  4500.912794846884 |    3 |
|  2715.575200805605 |  4500.912794846884 |    3 |
| 2733.6523392697145 |  4511.972029929817 |    3 |
| 2743.7554515484126 |  4511.972029929817 |    3 |
|  2756.043234611528 |  4511.972029929817 |    3 |
| 2777.4385152947607 |  4511.972029929817 |    2 |
| 2799.6619329931723 |  4516.403761447114 |    3 |
| 2812.6272474691564 |  4516.403761447114 |    2 |
|  2845.810623286479 |  4516.403761447114 |    3 |
|  2861.462274985004 |  4516.403761447114 |    3 |
|  2870.403884268686 |  4516.403761447114 |    3 |
|  2935.733754350084 |  4534.444273927076 |    3 |
| 2958.0628828443437 |  4534.444273927076 |    2 |
|  2975.140586025718 |  4536.590184035678 |    1 |
