# flags:
#    0 = wavelength has not been assigned to this detection
#    1 = user has assigned wavelength to this detection
#    2 = detection has been automatically assigned
#    3 = automatically assigned wavelength was rejected
|              pixel |         wavelength | flag |
|  8.382163896159028 |  3094.261313368305 |    3 |
|  77.67932529416866 |  3094.261313368305 |    3 |
| 172.03793413331482 |  3094.261313368305 |    3 |
|  310.7176490107909 |  3094.261313368305 |    3 |
|  562.3380678715033 | 3140.0171522371547 |    3 |
|  620.5080148853525 | 3140.0171522371547 |    3 |
|   722.955099432185 | 3140.0171522371547 |    3 |
|  750.6929149292993 | 3140.0171522371547 |    3 |
|  761.6372367095286 | 3140.0171522371547 |    3 |
|  786.0384782384965 | 3140.0171522371547 |    3 |
|  814.2476362766942 | 3140.0171522371547 |    3 |
|  860.3798730477961 | 3140.0171522371547 |    3 |
|   899.393619516552 | 3170.5540268969266 |    3 |
|  924.8712817270878 | 3170.5540268969266 |    3 |
|  965.6787505558591 | 3170.5540268969266 |    3 |
|  979.9338259827352 | 3170.5540268969266 |    3 |
|  994.7411402000886 | 3170.5540268969266 |    3 |
| 1009.9761822474916 | 3170.5540268969266 |    3 |
|  1025.692037128939 | 3170.5540268969266 |    3 |
|   1045.52593419678 | 3170.5540268969266 |    1 |
| 1061.5116615234153 | 3170.5540268969266 |    3 |
|  1082.336944692663 | 3170.5540268969266 |    3 |
| 1105.4102169053137 | 3181.1243070684113 |    3 |
|  1118.919945379476 | 3181.1243070684113 |    3 |
| 1129.1526253576915 | 3181.1243070684113 |    3 |
| 1136.8700661060323 | 3181.1243070684113 |    3 |
| 1148.0665185096607 | 3181.1243070684113 |    2 |
| 1169.2951310900337 | 3181.1243070684113 |    3 |
|  1186.451826471832 | 3181.1243070684113 |    3 |
|  1194.183042432175 |  3189.181869102448 |    3 |
| 1224.7833701757145 |  3189.181869102448 |    3 |
| 1226.5027493345694 |  3189.181869102448 |    1 |
|   1245.01563652978 |  3189.181869102448 |    3 |
| 1253.6246957326468 |  3189.181869102448 |    3 |
| 1268.8784466257534 |  3189.181869102448 |    3 |
| 1282.8240356194121 |  3189.181869102448 |    3 |
| 1299.1651493828483 |  3189.181869102448 |    3 |
| 1327.2920012665843 |  3189.181869102448 |    3 |
|  1346.090162937782 |  3189.181869102448 |    3 |
| 1366.1215640182877 |  3189.181869102448 |    3 |
| 1383.8903266072148 |  3189.181869102448 |    3 |
| 1418.6037244262807 |  3189.181869102448 |    3 |
|  1445.495852443934 |  3233.222527087156 |    3 |
| 1451.2940252688254 |  3233.222527087156 |    3 |
| 1459.7996033301802 |  3233.222527087156 |    3 |
| 1481.0203220910757 |  3233.222527087156 |    3 |
|   1496.84349865785 |  3233.222527087156 |    3 |
| 1507.3095633159046 |  3233.222527087156 |    3 |
| 1512.4048103635985 |  3233.222527087156 |    3 |
|  1526.512212216921 |  3233.222527087156 |    3 |
| 1550.4378638097037 |  3233.222527087156 |    3 |
| 1567.7844774061402 |  3233.222527087156 |    3 |
| 1593.0572563904504 |  3233.222527087156 |    3 |
|  1615.590720637462 |  3233.222527087156 |    3 |
| 1627.3544616371394 |  3233.222527087156 |    3 |
| 1637.0728617234574 |  3233.222527087156 |    3 |
| 1645.9446763169399 |  3233.222527087156 |    3 |
|   1659.27341827904 |  3233.222527087156 |    1 |
| 1686.7993661276498 |  3233.222527087156 |    3 |
| 1695.1526004129378 | 3239.0583334075486 |    3 |
| 1704.3478167182063 | 3239.0583334075486 |    3 |
| 1718.0067423932257 | 3239.0583334075486 |    2 |
|  1726.839384767669 | 3239.0583334075486 |    3 |
| 1743.4618443285035 | 3239.0583334075486 |    3 |
|  1759.723837961242 |  3244.661251438086 |    3 |
| 1781.2924162479146 | 3245.1958097699485 |    3 |
| 1794.8622335749308 | 3245.1958097699485 |    3 |
| 1811.5624777467194 |  3248.502474092507 |    3 |
| 1823.0527435658648 |  3248.502474092507 |    3 |
|  1835.223938519869 |  3248.502474092507 |    3 |
| 1856.1754811480039 |  3254.789413488119 |    3 |
| 1875.8191291366347 |  3254.789413488119 |    1 |
| 1899.9505210177058 |  3258.322509608634 |    3 |
| 1911.1000831904619 |  3258.322509608634 |    2 |
| 1928.4011629333804 |  3258.322509608634 |    3 |
| 1948.9802119037988 |  3258.322509608634 |    3 |
| 1965.1951130021178 |  3258.322509608634 |    3 |
|  1967.861085931466 |  3258.322509608634 |    3 |
|  2006.126538641093 |  3272.940756231969 |    3 |
| 2024.8965282371448 |  3272.940756231969 |    3 |
| 2047.6388290915786 |  3272.940756231969 |    3 |
| 2059.5101405020137 |  3272.940756231969 |    1 |
|  2079.326048709244 |  3272.940756231969 |    3 |
|  2090.851225850029 |  3272.940756231969 |    3 |
|  2102.637684045699 |  3272.940756231969 |    3 |
|  2109.539525331328 |  3272.940756231969 |    3 |
|  2128.811320686898 |  3272.940756231969 |    3 |
|  2155.478652371704 |  3286.721652977489 |    3 |
| 2168.4469661715952 |  3286.721652977489 |    3 |
| 2178.3171650555346 |  3286.721652977489 |    3 |
|  2200.199663564344 |  3286.721652977489 |    1 |
|  2208.904143539735 |  3286.721652977489 |    3 |
|  2221.233639669466 |  3286.721652977489 |    3 |
| 2250.1372323693918 | 3294.6240014315363 |    3 |
| 2261.8437447422225 | 3294.6240014315363 |    3 |
| 2270.2149925221656 | 3294.6240014315363 |    3 |
| 2282.3529526550087 | 3294.6240014315363 |    2 |
| 2299.8374260057585 | 3294.6240014315363 |    3 |
| 2311.9077613597474 | 3294.6240014315363 |    3 |
|  2327.094973911721 | 3302.6007478184683 |    3 |
|  2329.899540661931 | 3302.6007478184683 |    3 |
| 2359.0347565451834 | 3302.6007478184683 |    3 |
| 2364.7507839046675 | 3302.6007478184683 |    2 |
| 2391.7865223743015 | 3305.1896287757017 |    1 |
|   2402.98091107388 | 3305.1896287757017 |    3 |
| 2421.0824725123857 |  3310.339653848775 |    3 |
| 2423.1115117469903 |  3310.339653848775 |    3 |
|   2445.34454102709 |  3310.339653848775 |    2 |
| 2457.0157716283206 |  3310.339653848775 |    3 |
|  2490.131560658647 |  3310.339653848775 |    3 |
|  2502.709557103212 |  3310.339653848775 |    3 |
| 2514.1701248385316 |  3310.339653848775 |    3 |
| 2537.5552112361793 |  3325.968127997851 |    3 |
|  2550.200266330705 |  3325.968127997851 |    3 |
| 2561.0290583005644 |  3325.968127997851 |    3 |
|  2573.439256637672 |  3325.968127997851 |    3 |
| 2588.5214916920922 |  3325.968127997851 |    3 |
|  2611.374398872102 |  3325.968127997851 |    3 |
|  2633.961194277655 |  3325.968127997851 |    3 |
| 2667.2567568994464 |  3331.424676107606 |    3 |
| 2668.9180216710324 |  3331.424676107606 |    1 |
| 2697.3326431268874 | 3334.0863162507676 |    2 |
|  2713.185800654215 | 3334.0863162507676 |    3 |
| 2729.8723452650406 | 3334.0863162507676 |    3 |
| 2748.2049684633093 | 3334.0863162507676 |    3 |
| 2779.0869504439574 | 3334.0863162507676 |    3 |
| 2807.4290432859875 |  3349.740082528169 |    3 |
| 2824.3371282003336 |  3349.740082528169 |    3 |
|   2834.45482011354 |  3349.740082528169 |    3 |
|  2866.276326522521 |  3349.740082528169 |    2 |
| 2891.2664056729723 |  3351.992780074987 |    1 |
| 2926.0098209156663 |  3351.992780074987 |    3 |
| 2935.9290730943917 |  3351.992780074987 |    3 |
| 2954.7759789935653 |  3362.121599633455 |    3 |
| 2973.7832468238416 |  3362.121599633455 |    3 |
| 2989.5622685370627 |  3362.121599633455 |    3 |
