# flags:
#    0 = wavelength has not been assigned to this detection
#    1 = user has assigned wavelength to this detection
#    2 = detection has been automatically assigned
#    3 = automatically assigned wavelength was rejected
|              pixel |         wavelength | flag |
| 3.8705882059020857 |  5400.444256540733 |    2 |
| 26.021960235566404 |  5400.444256540733 |    3 |
|  50.96437848304795 |  5409.121031822893 |    1 |
|  67.81240471166058 |  5409.121031822893 |    3 |
|  93.74612339263356 |  5417.044464069753 |    2 |
| 104.40120940580307 |  5418.991455483878 |    2 |
| 125.96353898587992 |   5425.49313238582 |    3 |
|  139.7716977554132 |   5425.49313238582 |    2 |
|  149.2287976966845 |  5427.255859964487 |    2 |
| 178.32714721714905 |  5435.642473203979 |    3 |
| 194.61637746214524 |  5435.642473203979 |    2 |
|  203.7571276938747 |  5435.642473203979 |    3 |
| 213.67119195958438 |   5441.94474837735 |    3 |
| 228.10827930909096 |   5441.94474837735 |    3 |
| 243.98767137584838 |  5444.794855895022 |    2 |
| 265.28143234050657 |  5444.794855895022 |    3 |
|  278.0552329332047 |   5453.60051270954 |    3 |
|  291.7295622391959 |   5453.60051270954 |    2 |
| 306.58582281014765 |  5458.883538059362 |    3 |
|   320.999911687414 |  5458.883538059362 |    2 |
|  357.9301173522762 | 5465.7114126348415 |    2 |
| 373.85429613141486 | 5465.7114126348415 |    3 |
| 393.46719697484264 |  5472.425989371787 |    3 |
|  409.5669727964167 |  5472.425989371787 |    3 |
|  415.5162375863985 |  5472.425989371787 |    3 |
|   438.457463222446 |  5472.425989371787 |    3 |
|  457.2253734694507 | 5494.2679650754835 |    3 |
| 466.74903448857555 | 5494.2679650754835 |    3 |
|  491.6489719549384 | 5494.2679650754835 |    3 |
|  512.6282869208466 | 5494.2679650754835 |    2 |
|  530.3909862202345 |  5497.503165401099 |    2 |
|  548.5116505180641 |  5500.797153271002 |    1 |
|  559.8547403838081 |  5500.797153271002 |    3 |
|  575.8828078437921 |  5505.837889479471 |    2 |
|  585.8925951365503 |  5509.169724898738 |    3 |
|  595.4396532823552 |  5509.169724898738 |    3 |
|  606.8986652756685 |  5511.539129702771 |    2 |
|  633.5196115093547 |  5511.539129702771 |    3 |
|   656.199238662234 |  5526.075464889548 |    3 |
|  671.0242530220482 |  5526.075464889548 |    3 |
|  686.9855413943926 |  5526.075464889548 |    3 |
|  706.3023823751219 |  5526.075464889548 |    3 |
|  704.6542007027322 |  5526.075464889548 |    3 |
|  717.8479081226259 |  5526.075464889548 |    3 |
|  733.4177031847767 |  5540.832242362739 |    3 |
|  766.6561304081818 |  5540.832242362739 |    2 |
|  777.3279083122736 |  5544.307047737869 |    3 |
|  786.2101483017459 |  5544.307047737869 |    3 |
|  803.5979035599547 |  5549.699021237344 |    3 |
|  815.1196274471762 |  5549.699021237344 |    2 |
|  847.4054529487789 |  5559.940230282527 |    3 |
|  871.8113213326297 |  5559.940230282527 |    3 |
|  903.1822060264825 |  5559.940230282527 |    3 |
|  923.7376495489432 |  5574.651769662162 |    3 |
|  941.2576805870916 |  5574.651769662162 |    3 |
|  951.4656163229032 |  5574.651769662162 |    2 |
|  968.5720566287979 | 5577.8585199732925 |    3 |
|  980.4722057435226 |  5580.953730469413 |    3 |
|  986.0602883263149 |  5580.953730469413 |    2 |
| 1028.0632596273563 |  5588.579597909972 |    2 |
| 1037.5606143990149 |  5588.579597909972 |    3 |
| 1072.3599699776694 |  5596.674525554217 |    2 |
| 1085.5615744918193 |  5596.674525554217 |    3 |
| 1097.5590564309575 |  5601.637697235731 |    3 |
| 1108.3611598244865 |  5603.145762015441 |    2 |
| 1124.5070760894073 |  5606.108407523012 |    2 |
| 1136.5232520840225 |  5608.241896995514 |    2 |
| 1156.6209912209858 |  5611.908236412187 |    2 |
|  1166.063127503669 |  5613.001557135594 |    3 |
|  1183.997703944021 |  5616.879269915043 |    2 |
| 1198.2734392175794 |  5616.879269915043 |    3 |
| 1209.5307992802386 |  5616.879269915043 |    3 |
| 1236.2578491388465 |  5616.879269915043 |    3 |
|  1267.017446372613 |  5641.334675509851 |    3 |
| 1283.2390909179358 |  5641.334675509851 |    3 |
| 1297.1963382760898 |  5641.334675509851 |    3 |
| 1319.3893844422034 |  5641.334675509851 |    2 |
| 1329.6193582512276 |  5643.039800629841 |    3 |
| 1352.3107763588123 |   5647.28848607931 |    2 |
|  1370.507270628037 |   5650.52504883204 |    2 |
| 1380.2474525136552 |  5652.190521725859 |    2 |
| 1399.9369176920961 |  5652.190521725859 |    3 |
| 1420.3738537316983 |  5659.493540948539 |    2 |
| 1448.9570151530472 |   5666.75150510166 |    3 |
| 1461.0049186363656 |   5666.75150510166 |    1 |
| 1471.8696649784733 |  5668.670960644766 |    2 |
| 1515.7324696519154 |  5676.284324871745 |    3 |
| 1527.3218874611389 |  5678.537100994086 |    2 |
|  1573.175087063374 |  5678.537100994086 |    3 |
| 1661.0737604520614 |  5702.409972742624 |    2 |
| 1696.5147648778288 | 5708.6845171604955 |    2 |
| 1753.6728242451386 |  5721.658330187109 |    3 |
| 1770.4139249035686 |  5721.658330187109 |    2 |
| 1800.0991413501226 |  5726.832509290742 |    3 |
|  1813.281983663917 |  5726.832509290742 |    3 |
| 1826.3286219589302 |  5726.832509290742 |    3 |
|  1843.609394239997 |   5740.99648825182 |    3 |
| 1860.7460017666763 |   5740.99648825182 |    3 |
|   1880.71244342507 |   5740.99648825182 |    3 |
|  1893.886323058478 |  5743.366685441024 |    2 |
|   1934.57902377514 |  5750.651391335498 |    3 |
| 1958.0336111900815 |  5754.639223324691 |    2 |
|  2001.238653956695 |  5762.149076529722 |    2 |
| 2018.2798613609705 |  5765.093368856134 |    2 |
| 2044.7342541824594 |  5769.684528529577 |    2 |
|  2055.793181781508 |  5769.684528529577 |    3 |
| 2067.5047517507865 |  5773.673663737559 |    2 |
|  2078.525324261005 |  5775.545213616744 |    2 |
| 2098.4227193271504 |  5775.545213616744 |    3 |
|  2112.209565569002 |  5775.545213616744 |    3 |
|  2125.950592877368 |  5791.216497327469 |    3 |
| 2169.5556371682383 |  5791.216497327469 |    2 |
|  2185.709535745244 |  5794.057286266512 |    2 |
|  2207.158371470679 |  5797.896277198991 |    3 |
| 2221.0569645228125 |  5797.896277198991 |    3 |
| 2234.6993045870527 |  5802.459155292515 |    2 |
| 2254.0781270905923 |  5805.750753171503 |    1 |
| 2275.1252982240917 |  5805.750753171503 |    3 |
| 2305.8009281901855 |  5814.511246181386 |    2 |
|  2320.227840244662 |  5817.060531973209 |    2 |
|   2340.89424588983 |  5817.060531973209 |    3 |
| 2345.6759645490815 |  5817.060531973209 |    3 |
| 2363.3684877180663 |  5817.060531973209 |    3 |
| 2376.6403614694236 |  5833.923855403146 |    3 |
|  2384.269887858354 |  5833.923855403146 |    3 |
| 2411.1028556137962 |  5833.923855403146 |    3 |
|  2420.429584675665 |  5833.923855403146 |    3 |
| 2431.6450050216326 |  5833.923855403146 |    3 |
| 2465.1797216973987 |  5833.923855403146 |    3 |
|  2488.311558669946 |  5854.657366592833 |    3 |
| 2500.9225143922395 |  5854.657366592833 |    3 |
|  2542.200226127947 |  5854.657366592833 |    3 |
| 2546.9202855971903 |  5854.657366592833 |    3 |
| 2587.0024674900633 |  5861.829290549091 |    3 |
|  2607.598558945631 |  5865.390381885703 |    2 |
| 2625.9875377734793 |  5865.390381885703 |    3 |
|  2635.582993199128 |  5871.824334769922 |    3 |
| 2645.9960807129496 |  5871.824334769922 |    2 |
|  2721.832563027277 |  5884.395348384768 |    3 |
| 2740.5653804465114 |  5887.390923245709 |    2 |
| 2758.0985813677507 | 5891.6865707565175 |    3 |
|     2775.601300519 | 5891.6865707565175 |    3 |
| 2798.2754302700546 |  5897.494420953827 |    3 |
|  2826.549796950032 |  5901.647492368684 |    3 |
| 2862.0522963250287 |  5907.188119465813 |    2 |
| 2882.7143972248773 |  5913.695337641543 |    3 |
|   2902.27953605659 |  5913.695337641543 |    2 |
|  2918.060149572519 |  5916.279056932566 |    1 |
| 2930.6594268570207 |  5916.279056932566 |    3 |
| 2944.6319924940276 |  5920.638394163983 |    2 |
|  2988.496153535609 |  5927.619365402917 |    2 |
